(239,9)
(239,42)
(239,139)
(239,12)
(239,48)
(239,18)
(239,117)
(239,86)
(239,55)
(239,57)
(239,185)
(239,27)
(239,221)
(239,30)
(239,95)
(240,33)
(240,97)
(240,34)
(240,35)
(240,227)
(240,37)
(240,198)
(240,167)
(240,232)
(240,9)
(240,105)
(240,10)
(240,46)
(240,239)
(240,210)
(240,151)
(240,185)
(240,27)
(240,95)
(241,97)
(241,34)
(241,134)
(241,168)
(241,201)
(241,202)
(241,12)
(241,205)
(241,142)
(241,143)
(241,148)
(241,180)
(241,23)
(241,24)
(241,185)
(241,57)
(241,186)
(241,26)
(241,93)
(241,190)
(242,68)
(242,229)
(242,70)
(242,104)
(242,40)
(242,9)
(242,233)
(242,236)
(242,16)
(242,49)
(242,83)
(242,180)
(242,23)
(242,119)
(242,183)
(242,123)
(242,124)
(242,220)
(242,94)
(243,227)
(243,163)
(243,195)
(243,132)
(243,6)
(243,137)
(243,235)
(243,13)
(243,77)
(243,240)
(243,19)
(243,21)
(243,53)
(243,182)
(243,22)
(243,26)
(243,220)
(243,61)
(243,94)
(243,223)
(244,0)
(244,96)
(244,33)
(244,68)
(244,133)
(244,198)
(244,232)
(244,233)
(244,42)
(244,107)
(244,13)
(244,17)
(244,114)
(244,21)
(244,150)
(244,22)
(244,58)
(244,123)
(244,27)
(244,63)
(245,32)
(245,96)
(245,64)
(245,98)
(245,130)
(245,41)
(245,74)
(245,75)
(245,237)
(245,113)
(245,145)
(245,18)
(245,211)
(245,180)
(245,182)
(245,215)
(245,216)
(245,30)
(246,0)
(246,131)
(246,164)
(246,38)
(246,199)
(246,232)
(246,201)
(246,138)
(246,108)
(246,140)
(246,44)
(246,16)
(246,177)
(246,81)
(246,149)
(246,24)
(246,59)
(246,126)
(246,63)
(247,162)
(247,4)
(247,36)
(247,165)
(247,169)
(247,47)
(247,114)
(247,82)
(247,84)
(247,149)
(247,22)
(247,24)
(247,216)
(247,154)
(247,58)
(247,27)
(247,30)
(247,62)
(247,223)
(248,65)
(248,34)
(248,98)
(248,133)
(248,37)
(248,38)
(248,39)
(248,73)
(248,9)
(248,106)
(248,11)
(248,143)
(248,48)
(248,180)
(248,123)
(248,28)
(248,62)
(248,159)
(249,128)
(249,161)
(249,193)
(249,35)
(249,71)
(249,199)
(249,107)
(249,140)
(249,141)
(249,18)
(249,50)
(249,179)
(249,85)
(249,22)
(249,119)
(249,183)
(249,185)
(249,92)
(249,93)
(249,125)
(250,65)
(250,67)
(250,228)
(250,37)
(250,165)
(250,106)
(250,142)
(250,18)
(250,84)
(250,85)
(250,23)
(250,184)
(250,216)
(250,89)
(250,26)
(250,155)
(250,27)
(250,124)
(251,97)
(251,195)
(251,198)
(251,39)
(251,135)
(251,13)
(251,206)
(251,47)
(251,112)
(251,212)
(251,117)
(251,86)
(251,150)
(251,215)
(251,24)
(251,219)
(251,27)
(251,62)
(251,30)
(252,65)
(252,34)
(252,35)
(252,69)
(252,38)
(252,41)
(252,138)
(252,10)
(252,239)
(252,207)
(252,48)
(252,177)
(252,211)
(252,179)
(252,21)
(252,22)
(252,25)
(252,29)
(252,61)
(252,31)
(253,160)
(253,33)
(253,38)
(253,39)
(253,9)
(253,73)
(253,10)
(253,75)
(253,13)
(253,142)
(253,48)
(253,84)
(253,148)
(253,20)
(253,151)
(253,248)
(253,153)
(253,25)
(253,251)
(253,91)
(254,161)
(254,66)
(254,100)
(254,102)
(254,137)
(254,106)
(254,234)
(254,11)
(254,44)
(254,47)
(254,177)
(254,50)
(254,54)
(254,23)
(254,55)
(254,87)
(254,184)
(254,56)
(254,27)
(254,126)
(255,35)
(255,134)
(255,103)
(255,135)
(255,9)
(255,42)
(255,44)
(255,141)
(255,79)
(255,16)
(255,80)
(255,241)
(255,21)
(255,246)
(255,24)
(255,217)
(255,26)
(255,186)
(256,64)
(256,1)
(256,163)
(256,67)
(256,9)
(256,203)
(256,45)
(256,13)
(256,238)
(256,207)
(256,145)
(256,241)
(256,116)
(256,213)
(256,214)
(256,215)
(256,58)
(256,26)
(256,157)
(256,95)
(257,96)
(257,66)
(257,196)
(257,37)
(257,39)
(257,71)
(257,40)
(257,41)
(257,73)
(257,237)
(257,47)
(257,177)
(257,114)
(257,247)
(257,24)
(257,25)
(257,92)
(257,60)
(257,158)
(257,222)
(258,1)
(258,65)
(258,35)
(258,132)
(258,36)
(258,229)
(258,69)
(258,40)
(258,9)
(258,137)
(258,107)
(258,43)
(258,175)
(258,112)
(258,18)
(258,245)
(258,247)
(258,123)
(258,60)
(259,194)
(259,35)
(259,227)
(259,228)
(259,70)
(259,71)
(259,103)
(259,140)
(259,13)
(259,14)
(259,49)
(259,114)
(259,154)
(259,218)
(259,187)
(259,157)
(259,62)
(259,95)
(259,31)
(260,32)
(260,67)
(260,35)
(260,72)
(260,73)
(260,138)
(260,173)
(260,238)
(260,47)
(260,143)
(260,50)
(260,147)
(260,52)
(260,247)
(260,88)
(260,251)
(260,59)
(260,219)
(260,125)
(260,191)
(261,226)
(261,66)
(261,35)
(261,99)
(261,259)
(261,36)
(261,164)
(261,70)
(261,39)
(261,140)
(261,204)
(261,13)
(261,79)
(261,112)
(261,49)
(261,242)
(261,18)
(261,21)
(261,186)
(261,157)
(262,160)
(262,32)
(262,64)
(262,161)
(262,67)
(262,132)
(262,4)
(262,198)
(262,12)
(262,207)
(262,18)
(262,50)
(262,20)
(262,181)
(262,182)
(262,23)
(262,121)
(262,61)
(262,30)
(262,94)
(263,97)
(263,36)
(263,69)
(263,39)
(263,43)
(263,140)
(263,108)
(263,13)
(263,14)
(263,16)
(263,84)
(263,21)
(263,24)
(263,56)
(263,89)
(263,122)
(263,252)
(263,60)
(263,125)
(263,159)
(264,160)
(264,194)
(264,163)
(264,67)
(264,102)
(264,74)
(264,202)
(264,75)
(264,238)
(264,207)
(264,179)
(264,20)
(264,181)
(264,118)
(264,215)
(264,120)
(264,24)
(264,90)
(264,186)
(264,127)
(265,64)
(265,97)
(265,36)
(265,71)
(265,264)
(265,105)
(265,74)
(265,42)
(265,46)
(265,80)
(265,48)
(265,179)
(265,22)
(265,182)
(265,25)
(265,57)
(265,186)
(265,250)
(265,155)
(265,28)
(266,32)
(266,226)
(266,99)
(266,164)
(266,38)
(266,203)
(266,110)
(266,177)
(266,113)
(266,242)
(266,243)
(266,117)
(266,21)
(266,22)
(266,218)
(266,27)
(266,94)
(267,65)
(267,7)
(267,104)
(267,42)
(267,266)
(267,234)
(267,206)
(267,47)
(267,177)
(267,17)
(267,81)
(267,145)
(267,214)
(267,119)
(267,156)
(267,92)
(267,125)
(267,61)
(267,29)
(267,126)
(268,128)
(268,129)
(268,4)
