(442,17)
(442,274)
(442,438)
(442,187)
(442,315)
(442,124)
(442,253)
(442,94)
(442,350)
(443,4)
(443,38)
(443,10)
(443,170)
(443,427)
(443,107)
(443,78)
(443,80)
(443,116)
(443,148)
(443,310)
(443,311)
(443,23)
(443,343)
(443,89)
(443,378)
(443,26)
(443,315)
(443,27)
(443,252)
(444,65)
(444,69)
(444,134)
(444,199)
(444,329)
(444,139)
(444,12)
(444,48)
(444,433)
(444,148)
(444,85)
(444,21)
(444,23)
(444,24)
(444,88)
(444,120)
(444,443)
(444,415)
(444,191)
(444,127)
(445,32)
(445,101)
(445,229)
(445,166)
(445,104)
(445,105)
(445,266)
(445,11)
(445,107)
(445,140)
(445,174)
(445,147)
(445,148)
(445,20)
(445,22)
(445,25)
(445,58)
(445,124)
(445,382)
(445,63)
(446,352)
(446,194)
(446,66)
(446,195)
(446,387)
(446,422)
(446,294)
(446,238)
(446,142)
(446,78)
(446,112)
(446,50)
(446,436)
(446,310)
(446,150)
(446,215)
(446,345)
(446,90)
(446,251)
(446,349)
(447,0)
(447,34)
(447,35)
(447,100)
(447,68)
(447,69)
(447,357)
(447,229)
(447,198)
(447,397)
(447,13)
(447,334)
(447,111)
(447,48)
(447,212)
(447,21)
(447,22)
(447,122)
(447,29)
(447,383)
(448,0)
(448,65)
(448,129)
(448,262)
(448,39)
(448,73)
(448,331)
(448,204)
(448,396)
(448,81)
(448,308)
(448,84)
(448,21)
(448,23)
(448,343)
(448,26)
(448,92)
(448,253)
(448,414)
(448,158)
(449,0)
(449,162)
(449,3)
(449,291)
(449,36)
(449,133)
(449,39)
(449,73)
(449,110)
(449,238)
(449,208)
(449,177)
(449,22)
(449,214)
(449,375)
(449,151)
(449,282)
(449,93)
(449,63)
(450,256)
(450,193)
(450,98)
(450,134)
(450,71)
(450,137)
(450,41)
(450,426)
(450,205)
(450,109)
(450,142)
(450,16)
(450,48)
(450,179)
(450,85)
(450,406)
(450,55)
(450,345)
(450,445)
(451,163)
(451,134)
(451,73)
(451,201)
(451,298)
(451,171)
(451,44)
(451,12)
(451,76)
(451,110)
(451,240)
(451,178)
(451,308)
(451,312)
(451,24)
(451,153)
(451,282)
(451,155)
(451,414)
(451,383)
(452,32)
(452,33)
(452,227)
(452,132)
(452,7)
(452,137)
(452,363)
(452,75)
(452,44)
(452,333)
(452,46)
(452,305)
(452,113)
(452,276)
(452,85)
(452,150)
(452,87)
(452,28)
(452,189)
(452,126)
(453,224)
(453,96)
(453,129)
(453,2)
(453,67)
(453,163)
(453,451)
(453,69)
(453,393)
(453,13)
(453,174)
(453,303)
(453,112)
(453,149)
(453,154)
(453,60)
(453,29)
(453,30)
(453,415)
(453,319)
(454,288)
(454,129)
(454,4)
(454,196)
(454,359)
(454,103)
(454,39)
(454,203)
(454,140)
(454,141)
(454,400)
(454,112)
(454,404)
(454,53)
(454,21)
(454,151)
(454,312)
(454,26)
(454,250)
(454,27)
(455,0)
(455,226)
(455,68)
(455,41)
(455,393)
(455,42)
(455,11)
(455,108)
(455,367)
(455,111)
(455,49)
(455,401)
(455,147)
(455,53)
(455,86)
(455,151)
(455,89)
(455,28)
(455,383)
(455,415)
(456,325)
(456,69)
(456,200)
(456,232)
(456,41)
(456,45)
(456,271)
(456,432)
(456,273)
(456,81)
(456,211)
(456,181)
(456,54)
(456,246)
(456,248)
(456,218)
(456,155)
(456,29)
(456,255)
(457,386)
(457,98)
(457,292)
(457,135)
(457,104)
(457,271)
(457,273)
(457,404)
(457,21)
(457,22)
(457,87)
(457,119)
(457,408)
(457,281)
(457,89)
(457,26)
(457,28)
(457,191)
(458,256)
(458,258)
(458,130)
(458,66)
(458,291)
(458,132)
(458,37)
(458,167)
(458,330)
(458,239)
(458,47)
(458,274)
(458,84)
(458,53)
(458,24)
(458,249)
(458,282)
(458,155)
(458,189)
(458,253)
(459,160)
(459,192)
(459,66)
(459,451)
(459,387)
(459,323)
(459,195)
(459,452)
(459,6)
(459,423)
(459,455)
(459,167)
(459,44)
(459,146)
(459,181)
(459,28)
(459,349)
(459,317)
(459,126)
(459,414)
(460,96)
(460,416)
(460,325)
(460,167)
(460,296)
(460,456)
(460,457)
(460,203)
(460,75)
(460,205)
(460,335)
(460,144)
(460,338)
(460,214)
(460,407)
(460,152)
(460,60)
(460,412)
(460,29)
(461,288)
(461,3)
(461,198)
(461,71)
(461,104)
(461,456)
(461,41)
(461,44)
(461,17)
(461,117)
(461,214)
(461,86)
(461,27)
(461,59)
(461,381)
(461,286)
(461,350)
(461,30)
(461,446)
(462,1)
(462,449)
(462,2)
(462,42)
(462,10)
(462,270)
(462,46)
(462,112)
(462,370)
(462,211)
(462,371)
(462,180)
(462,20)
(462,55)
(462,23)
(462,344)
(462,88)
(462,218)
(462,253)
(462,222)
(463,32)
(463,1)
(463,2)
(463,102)
(463,103)
(463,39)
(463,457)
(463,106)
(463,238)
(463,111)
(463,144)
(463,50)
(463,83)
(463,147)
(463,24)
(463,218)
(463,29)
(463,190)
(463,254)
(463,30)
(464,2)
(464,450)
(464,131)
(464,196)
(464,325)
(464,293)
(464,135)
(464,72)
(464,43)
(464,173)
(464,21)
(464,54)
(464,119)
(464,57)
(464,382)
(464,318)
(464,94)
(464,319)
(464,95)
(465,34)
(465,227)
(465,4)
(465,133)
(465,390)
(465,7)
(465,264)
(465,169)
(465,42)
(465,299)
(465,171)
(465,204)
(465,237)
(465,431)
(465,464)
(465,17)
(465,115)
(465,308)
(465,123)
(465,254)
(466,32)
(466,65)
(466,2)
(466,163)
(466,201)
(466,41)
(466,42)
(466,238)
(466,303)
(466,177)
(466,17)
(466,115)
(466,151)
(466,152)
(466,248)
(466,153)
(466,93)
(466,191)
(467,320)
(467,288)
(467,160)
(467,34)
(467,388)
(467,326)
(467,7)
(467,74)
(467,75)
(467,367)
(467,47)
(467,177)
(467,211)
(467,243)
(467,247)
(467,23)
(467,153)
(467,26)
(467,62)
(467,30)
(468,32)
(468,451)
(468,11)
(468,236)
(468,77)
(468,270)
(468,206)
(468,48)
(468,465)
(468,466)
(468,20)
(468,182)
(468,218)
(468,282)
(468,91)
(468,155)
(468,157)
(468,190)
(468,127)
(469,418)
(469,420)
(469,69)
(469,263)
(469,72)
(469,139)
(469,12)
(469,80)
(469,48)
(469,114)
(469,179)
(469,20)
(469,148)
(469,85)
(469,119)
(469,88)
(469,24)
(469,89)
(469,63)
(470,0)
(470,193)
(470,4)
(470,38)
(470,6)
(470,40)
(470,297)
(470,299)
(470,203)
(470,44)
(470,179)
(470,371)
(470,373)
(470,23)
(470,249)
(470,281)
(470,58)
(470,125)
(470,29)
(470,286)
(471,355)
(471,324)
(471,132)
