(0,1)
(1,2)
(2,3)
(3,4)
(4,5)
(5,6)
(6,7)
(7,8)
(8,9)
(9,10)
(10,11)
(11,12)
(12,13)
(13,14)
(14,15)
(15,16)
(16,17)
(17,18)
(18,19)
(19,0)
(20,1)
(20,2)
(20,4)
(20,6)
(20,7)
(20,11)
(20,12)
(20,13)
(20,14)
(20,16)
(20,17)
(20,18)
(20,19)
(21,0)
(21,3)
(21,4)
(21,5)
(21,6)
(21,7)
(21,8)
(21,9)
(21,10)
(21,11)
(21,12)
(21,13)
(21,14)
(21,15)
(21,18)
(21,20)
(22,0)
(22,2)
(22,4)
(22,5)
(22,7)
(22,10)
(22,12)
(22,13)
(22,15)
(22,17)
(22,18)
(22,20)
(22,21)
(23,16)
(23,18)
(23,20)
(23,21)
(23,5)
(23,22)
(23,8)
(23,9)
(23,11)
(23,12)
(23,13)
(23,14)
(24,2)
(24,5)
(24,6)
(24,8)
(24,10)
(24,11)
(24,14)
(24,15)
(24,16)
(24,19)
(24,20)
(24,21)
(24,22)
(24,23)
(25,2)
(25,4)
(25,5)
(25,6)
(25,7)
(25,10)
(25,11)
(25,12)
(25,14)
(25,20)
(25,21)
(25,23)
(25,24)
(26,2)
(26,5)
(26,7)
(26,9)
(26,11)
(26,12)
(26,13)
(26,16)
(26,17)
(26,19)
(26,21)
(26,22)
(26,23)
(27,2)
(27,5)
(27,7)
(27,8)
(27,10)
(27,12)
(27,17)
(27,18)
(27,19)
(27,21)
(27,22)
(27,23)
(27,24)
(28,2)
(28,4)
(28,6)
(28,9)
(28,11)
(28,14)
(28,16)
(28,18)
(28,19)
(28,21)
(28,22)
(28,23)
(28,24)
(28,25)
(29,17)
(29,20)
(29,4)
(29,21)
(29,22)
(29,23)
(29,24)
(29,26)
(29,27)
(29,28)
(29,14)
(30,2)
(30,4)
(30,5)
(30,6)
(30,7)
(30,13)
(30,16)
(30,18)
(30,19)
(30,20)
(30,21)
(30,22)
(30,23)
(30,24)
(30,25)
(30,28)
(31,16)
(31,4)
(31,20)
(31,21)
(31,5)
(31,22)
(31,24)
(31,9)
(31,25)
(31,10)
(31,11)
(32,17)
(32,2)
(32,21)
(32,6)
(32,22)
(32,23)
(32,24)
(32,25)
(32,10)
(32,27)
(32,28)
(32,30)
(33,32)
(33,0)
(33,1)
(33,4)
(33,5)
(33,6)
(33,8)
(33,10)
(33,17)
(33,20)
(33,21)
(33,23)
(33,27)
(33,29)
(34,0)
(34,32)
(34,1)
(34,6)
(34,9)
(34,10)
(34,12)
(34,13)
(34,16)
(34,17)
(34,19)
(34,22)
(34,23)
(34,24)
(34,28)
(34,29)
(34,30)
(35,0)
(35,33)
(35,4)
(35,7)
(35,9)
(35,10)
(35,12)
(35,14)
(35,15)
(35,20)
(35,21)
(35,22)
(35,23)
(35,28)
(35,31)
(36,34)
(36,2)
(36,35)
(36,10)
(36,12)
(36,13)
(36,16)
(36,20)
(36,21)
(36,22)
(36,23)
(36,24)
(36,27)
(36,29)
(36,31)
(37,32)
(37,33)
(37,1)
(37,2)
(37,36)
(37,4)
(37,7)
(37,10)
(37,12)
(37,21)
(37,22)
(37,23)
(37,24)
(37,27)
(37,28)
(37,30)
(38,36)
(38,5)
(38,10)
(38,11)
(38,12)
(38,13)
(38,18)
(38,20)
(38,22)
(38,26)
(38,27)
(38,28)
(38,30)
(39,35)
(39,4)
(39,36)
(39,37)
(39,5)
(39,8)
(39,13)
(39,18)
(39,21)
(39,23)
(39,24)
(39,26)
(39,27)
(39,30)
(40,0)
(40,32)
(40,36)
(40,4)
(40,37)
(40,38)
(40,12)
(40,15)
(40,20)
(40,21)
(40,22)
(40,24)
(40,25)
(40,26)
(40,28)
(41,34)
(41,4)
(41,5)
(41,37)
(41,39)
(41,40)
(41,9)
(41,10)
(41,12)
(41,14)
(41,18)
(41,21)
(41,22)
(41,24)
(41,25)
(41,26)
(41,30)
(42,0)
(42,32)
(42,37)
(42,6)
(42,39)
(42,41)
(42,12)
(42,13)
(42,16)
(42,17)
(42,19)
(42,20)
(42,21)
(42,24)
(42,27)
(42,28)
(43,33)
(43,36)
(43,4)
(43,37)
(43,38)
(43,12)
(43,14)
(43,18)
(43,21)
(43,22)
(43,23)
(43,24)
(43,26)
(43,27)
(43,28)
(43,31)
(44,34)
(44,36)
(44,4)
(44,37)
(44,6)
(44,41)
(44,11)
(44,12)
(44,19)
(44,20)
(44,21)
(44,24)
(44,26)
(44,27)
(44,28)
(44,29)
(45,32)
(45,2)
(45,34)
(45,35)
(45,4)
(45,38)
(45,6)
(45,39)
(45,9)
(45,43)
(45,12)
(45,17)
(45,21)
(45,26)
(45,27)
(45,31)
(46,33)
(46,37)
(46,38)
(46,40)
(46,41)
(46,9)
(46,43)
(46,45)
(46,18)
(46,19)
(46,23)
(46,25)
(46,27)
(46,28)
(46,29)
(47,2)
(47,34)
(47,21)
(47,37)
(47,38)
(47,39)
(47,25)
(47,41)
(47,10)
(47,27)
(47,13)
(47,45)
(48,34)
(48,35)
(48,36)
(48,4)
(48,5)
(48,38)
(48,39)
(48,7)
(48,40)
(48,9)
(48,41)
(48,11)
(48,46)
(48,47)
(48,17)
(48,21)
(48,24)
(48,25)
(49,34)
(49,36)
(49,37)
(49,41)
(49,10)
(49,11)
(49,43)
(49,12)
(49,44)
(49,47)
(49,48)
(49,20)
(49,21)
(49,22)
(49,23)
(49,27)
(49,31)
(50,36)
(50,37)
(50,39)
(50,8)
(50,41)
(50,10)
(50,12)
(50,46)
(50,15)
(50,16)
(50,49)
(50,19)
(50,22)
(50,24)
(50,25)
(50,27)
(51,5)
(51,39)
(51,9)
(51,41)
(51,10)
(51,43)
(51,44)
(51,14)
(51,18)
(51,20)
(51,21)
(51,22)
(51,24)
(51,28)
(52,0)
(52,35)
(52,4)
(52,36)
(52,9)
(52,42)
(52,43)
(52,11)
(52,44)
(52,18)
(52,50)
(52,20)
(52,23)
(52,27)
(52,28)
(52,30)
(53,1)
(53,4)
(53,37)
(53,6)
(53,38)
(53,41)
(53,12)
(53,44)
(53,46)
(53,14)
(53,48)
(53,17)
(53,21)
(53,23)
(53,24)
(53,27)
(54,0)
(54,34)
(54,3)
(54,5)
(54,38)
(54,8)
(54,40)
(54,9)
(54,41)
(54,44)
(54,45)
(54,13)
(54,18)
(54,52)
(54,22)
(54,27)
(54,31)
(55,33)
(55,34)
(55,2)
(55,35)
(55,36)
(55,7)
(55,10)
(55,11)
(55,13)
(55,14)
(55,17)
(55,22)
(55,24)
(55,26)
(55,28)
(55,30)
(56,33)
(56,5)
(56,40)
(56,41)
(56,9)
(56,43)
(56,46)
(56,15)
(56,17)
(56,50)
(56,20)
(56,22)
(56,23)
(56,24)
(56,25)
(57,0)
(57,1)
(57,2)
(57,36)
(57,7)
(57,40)
(57,41)
(57,10)
(57,43)
(57,13)
(57,48)
(57,53)
(57,23)
(57,26)
(57,30)
(57,31)
(58,2)
(58,4)
(58,37)
(58,38)
(58,6)
(58,39)
(58,9)
(58,10)
(58,44)
(58,45)
(58,14)
(58,47)
(58,49)
(58,20)
(58,21)
(58,22)
(58,26)
(59,0)
(59,33)
(59,2)
(59,4)
(59,5)
(59,38)
(59,6)
(59,12)
(59,44)
(59,13)
(59,46)
(59,51)
(59,52)
(59,22)
(59,23)
(59,58)
(59,28)
(59,30)
(60,37)
(60,6)
(60,7)
(60,8)
(60,42)
(60,11)
(60,43)
(60,12)
(60,17)
(60,18)
(60,20)
(60,21)
(60,23)
(60,56)
(60,27)
(60,29)
(61,5)
(61,37)
(61,7)
(61,39)
(61,9)
(61,43)
(61,15)
(61,17)
(61,18)
(61,20)
(61,23)
(61,24)
(61,26)
(61,27)
(61,31)
(62,33)
(62,3)
(62,4)
(62,5)
(62,37)
(62,39)
(62,41)
(62,12)
(62,14)
(62,15)
(62,20)
(62,52)
(62,21)
(62,27)
(62,60)
(62,29)
(63,0)
(63,32)
(63,1)
(63,33)
(63,2)
(63,34)
(63,38)
(63,10)
(63,43)
(63,12)
(63,50)
(63,20)
(63,52)
(63,21)
(63,23)
(63,58)
(63,27)
(63,60)
(63,29)
(64,0)
(64,35)
(64,36)
(64,5)
(64,39)
(64,43)
(64,44)
(64,45)
(64,46)
(64,49)
(64,51)
(64,20)
(64,21)
(64,24)
(64,56)
(64,27)
(64,30)
(64,63)
(65,64)
(65,33)
(65,1)
(65,4)
(65,39)
(65,41)
(65,10)
(65,12)
(65,21)
(65,24)
(65,25)
(65,58)
(65,59)
(65,28)
(65,30)
(65,63)
(66,32)
(66,1)
(66,35)
(66,39)
(66,40)
(66,41)
(66,11)
(66,44)
(66,17)
(66,20)
(66,21)
(66,22)
(66,55)
(66,57)
(66,60)
(66,29)
(66,61)
(66,62)
(66,63)
(67,33)
(67,36)
(67,37)
(67,41)
(67,10)
(67,11)
(67,43)
(67,49)
(67,19)
(67,20)
(67,53)
(67,22)
(67,23)
(67,24)
(67,25)
(67,58)
(67,27)
(67,60)
(68,3)
(68,4)
(68,9)
(68,41)
(68,10)
(68,48)
(68,17)
(68,50)
(68,20)
(68,22)
(68,24)
(68,26)
(68,27)
(68,28)
(68,29)
(68,61)
(68,30)
(68,62)
(69,64)
(69,35)
(69,4)
(69,37)
(69,39)
(69,7)
(69,41)
(69,44)
(69,45)
(69,48)
(69,20)
(69,24)
(69,27)
(69,60)
(69,30)
(69,63)
(70,34)
(70,66)
(70,5)
(70,38)
(70,41)
(70,9)
(70,10)
(70,45)
(70,47)
(70,48)
(70,17)
(70,18)
(70,22)
(70,54)
(70,26)
(70,31)
(71,33)
(71,3)
(71,36)
(71,37)
(71,69)
(71,38)
(71,7)
(71,39)
(71,40)
(71,49)
(71,50)
(71,21)
(71,53)
(71,22)
(71,55)
(71,23)
(71,25)
(71,60)
(72,1)
(72,33)
(72,34)
(72,35)
(72,5)
(72,7)
(72,9)
(72,12)
(72,13)
(72,48)
(72,49)
(72,18)
(72,21)
(72,54)
(72,24)
(72,57)
(72,30)
(72,62)
(73,32)
(73,2)
(73,34)
(73,36)
(73,69)
(73,38)
(73,6)
(73,70)
(73,72)
(73,41)
(73,13)
(73,51)
(73,20)
(73,23)
(73,24)
(73,57)
(73,58)
(73,27)
(74,1)
(74,66)
(74,4)
(74,38)
(74,72)
(74,43)
(74,44)
(74,13)
(74,16)
(74,17)
(74,22)
(74,55)
(74,59)
(74,28)
(75,32)
(75,5)
(75,71)
(75,12)
(75,44)
(75,13)
(75,47)
(75,15)
(75,49)
(75,51)
(75,53)
(75,23)
(75,24)
(75,27)
(75,28)
(75,30)
(76,64)
(76,35)
(76,36)
(76,4)
(76,70)
(76,39)
(76,42)
(76,13)
(76,47)
(76,49)
(76,52)
(76,21)
(76,23)
(76,57)
(76,58)
(76,27)
(76,63)
(77,32)
(77,3)
(77,67)
(77,5)
(77,70)
(77,38)
(77,71)
(77,39)
(77,9)
(77,10)
(77,15)
(77,48)
(77,20)
(77,21)
(77,24)
(77,57)
(77,28)
(78,32)
(78,33)
(78,34)
(78,2)
(78,67)
(78,38)
(78,40)
(78,41)
(78,42)
(78,74)
(78,11)
(78,47)
(78,48)
(78,23)
(78,56)
(78,24)
(78,58)
(79,2)
(79,67)
(79,35)
(79,36)
(79,5)
(79,38)
(79,70)
(79,39)
(79,9)
(79,41)
(79,73)
(79,45)
(79,49)
(79,51)
(79,22)
(79,24)
(79,26)
(79,59)
(79,28)
(80,66)
(80,2)
(80,35)
(80,4)
(80,69)
(80,39)
(80,73)
(80,10)
(80,11)
(80,43)
(80,48)
(80,20)
(80,53)
(80,23)
(80,59)
(80,27)
(80,29)
(81,66)
(81,35)
(81,68)
(81,9)
(81,10)
(81,44)
(81,12)
(81,45)
(81,77)
(81,14)
(81,21)
(81,22)
(81,54)
(81,55)
(81,23)
(81,26)
(81,63)
(81,31)
(82,64)
(82,65)
(82,69)
(82,38)
(82,70)
(82,7)
(82,41)
(82,46)
(82,49)
(82,81)
(82,50)
(82,20)
(82,53)
(82,22)
(82,24)
(82,59)
(82,27)
(82,61)
(83,34)
(83,37)
(83,39)
(83,11)
(83,13)
(83,81)
(83,50)
(83,51)
(83,20)
(83,21)
(83,22)
(83,23)
(83,25)
(83,26)
(83,27)
(84,35)
(84,3)
(84,4)
(84,36)
(84,69)
(84,39)
(84,74)
(84,43)
(84,15)
(84,49)
(84,21)
(84,22)
(84,24)
(84,58)
(84,26)
(84,27)
(84,28)
(84,29)
(85,65)
(85,70)
(85,39)
(85,72)
(85,40)
(85,11)
(85,44)
(85,13)
(85,47)
(85,51)
(85,84)
(85,22)
(85,56)
(85,24)
(85,25)
(86,67)
(86,36)
(86,69)
(86,38)
(86,7)
(86,39)
(86,12)
(86,45)
(86,15)
(86,49)
(86,17)
(86,81)
(86,50)
(86,84)
(86,21)
(86,23)
(86,25)
(86,29)
(86,30)
(87,4)
(87,37)
(87,7)
(87,9)
(87,74)
(87,43)
(87,44)
(87,45)
(87,78)
(87,80)
(87,17)
(87,84)
(87,52)
(87,53)
(87,21)
(87,23)
(87,61)
(88,32)
(88,66)
(88,3)
(88,68)
(88,39)
(88,7)
(88,72)
(88,41)
(88,73)
(88,44)
(88,45)
(88,14)
(88,48)
(88,81)
(88,20)
(88,87)
(88,23)
(88,25)
(88,27)
(89,33)
(89,65)
(89,66)
(89,34)
(89,2)
(89,36)
(89,38)
(89,72)
(89,73)
(89,11)
(89,47)
(89,53)
(89,54)
(89,86)
(89,87)
(89,28)
(89,62)
(89,31)
(90,5)
(90,37)
(90,70)
(90,72)
(90,8)
(90,41)
(90,42)
(90,75)
(90,45)
(90,79)
(90,47)
(90,15)
(90,83)
(90,54)
(90,23)
(90,24)
(90,25)
(90,26)
(90,27)
(91,34)
(91,39)
(91,7)
(91,72)
(91,42)
(91,10)
(91,74)
(91,43)
(91,12)
(91,14)
(91,47)
(91,81)
(91,20)
(91,84)
(91,21)
(91,54)
(91,86)
(91,22)
(91,25)
(91,63)
(92,32)
(92,3)
(92,35)
(92,36)
(92,4)
(92,5)
(92,37)
(92,41)
(92,13)
(92,14)
(92,17)
(92,82)
(92,18)
(92,87)
(92,23)
(92,24)
(92,26)
(92,62)
(93,0)
(93,33)
(93,36)
(93,5)
(93,40)
(93,9)
(93,41)
(93,74)
(93,11)
(93,12)
(93,14)
(93,20)
(93,21)
(93,55)
(93,24)
(93,27)
(94,36)
(94,5)
(94,6)
(94,41)
(94,10)
(94,76)
(94,44)
(94,77)
(94,17)
(94,19)
(94,52)
(94,84)
(94,22)
(94,58)
(94,92)
(94,28)
(94,62)
(95,0)
(95,36)
(95,69)
(95,6)
(95,71)
(95,7)
(95,8)
(95,10)
(95,43)
(95,78)
(95,79)
(95,81)
(95,21)
(95,53)
(95,56)
(95,93)
(95,62)
(95,63)
(96,1)
(96,35)
(96,36)
(96,7)
(96,8)
(96,42)
(96,75)
(96,12)
(96,81)
(96,86)
(96,55)
(96,87)
(96,57)
(96,58)
(96,27)
(96,28)
(96,93)
(96,30)
(97,32)
(97,6)
(97,8)
(97,73)
(97,11)
(97,75)
(97,44)
(97,45)
(97,80)
(97,49)
(97,50)
(97,51)
(97,21)
(97,26)
(97,27)
(97,59)
(98,64)
(98,32)
(98,35)
(98,67)
(98,69)
(98,38)
(98,72)
(98,10)
(98,12)
(98,13)
(98,50)
(98,51)
(98,56)
(98,27)
(98,28)
(98,93)
(98,63)
(99,96)
(99,65)
(99,37)
(99,69)
(99,41)
(99,73)
(99,74)
(99,47)
(99,48)
(99,52)
(99,22)
(99,86)
(99,88)
(99,28)
(99,29)
(99,62)
(99,63)
(99,95)
(100,64)
(100,0)
(100,97)
(100,66)
(100,36)
(100,6)
(100,39)
(100,71)
(100,80)
(100,17)
(100,21)
(100,85)
(100,54)
(100,86)
(100,24)
(100,25)
(100,28)
(100,93)
(100,62)
(101,32)
(101,97)
(101,4)
(101,37)
(101,12)
(101,13)
(101,78)
(101,47)
(101,83)
(101,52)
(101,84)
(101,22)
(101,87)
(101,24)
(101,28)
(101,61)
(101,93)
(101,31)
(102,32)
(102,97)
(102,98)
(102,35)
(102,3)
(102,36)
(102,41)
(102,9)
(102,74)
(102,45)
(102,77)
(102,14)
(102,17)
(102,18)
(102,22)
(102,23)
(102,90)
(102,93)
(102,62)
(103,2)
(103,34)
(103,100)
(103,41)
(103,9)
(103,44)
(103,12)
(103,45)
(103,46)
(103,80)
(103,17)
(103,20)
(103,54)
(103,24)
(103,88)
(103,89)
(103,60)
(103,30)
(104,97)
(104,34)
(104,35)
(104,5)
(104,38)
(104,6)
(104,73)
(104,76)
(104,78)
(104,17)
(104,81)
(104,50)
(104,51)
(104,20)
(104,22)
(104,23)
(104,88)
(104,25)
(104,93)
(104,63)
(105,64)
(105,32)
(105,0)
(105,68)
(105,101)
(105,37)
(105,6)
(105,71)
(105,103)
(105,75)
(105,43)
(105,83)
(105,20)
(105,87)
(105,24)
(105,56)
(105,59)
(105,28)
(105,29)
(105,95)
(106,99)
(106,4)
(106,40)
(106,41)
(106,73)
(106,42)
(106,47)
(106,51)
(106,19)
(106,87)
(106,24)
(106,91)
(106,59)
(106,27)
(106,94)
(106,30)
(106,63)
(107,35)
(107,37)
(107,72)
(107,75)
(107,82)
(107,18)
(107,20)
(107,52)
(107,21)
(107,22)
(107,24)
(107,56)
(107,57)
(107,89)
(107,59)
(107,60)
(107,94)
(107,95)
(108,64)
(108,1)
(108,66)
(108,5)
(108,6)
(108,38)
(108,71)
(108,12)
(108,13)
(108,78)
(108,79)
(108,86)
(108,87)
(108,25)
(108,90)
(108,27)
(108,29)
(108,31)
(109,64)
(109,34)
(109,35)
(109,36)
(109,4)
(109,37)
(109,6)
(109,38)
(109,39)
(109,11)
(109,44)
(109,14)
(109,80)
(109,17)
(109,18)
(109,51)
(109,20)
(109,54)
(109,24)
(109,28)
(110,96)
(110,65)
(110,35)
(110,5)
(110,69)
(110,104)
(110,73)
(110,109)
(110,79)
(110,81)
(110,49)
(110,82)
(110,20)
(110,24)
(110,90)
(110,93)
(110,30)
(110,62)
(111,32)
(111,34)
(111,36)
(111,6)
(111,39)
(111,71)
(111,40)
(111,8)
(111,106)
(111,43)
(111,107)
(111,79)
(111,80)
(111,83)
(111,84)
(111,21)
(111,88)
(111,89)
(111,26)
(111,59)
(112,71)
(112,103)
(112,104)
(112,42)
(112,107)
(112,11)
(112,76)
(112,109)
(112,13)
(112,79)
(112,81)
(112,20)
(112,23)
(112,88)
(112,24)
(112,27)
(112,91)
(112,61)
(113,97)
(113,4)
(113,69)
(113,6)
(113,39)
(113,42)
(113,107)
(113,46)
(113,48)
(113,49)
(113,17)
(113,82)
(113,20)
(113,21)
(113,53)
(113,55)
(113,24)
(113,57)
(113,90)
(113,29)
(114,65)
(114,34)
(114,98)
(114,100)
(114,101)
(114,104)
(114,40)
(114,105)
(114,41)
(114,42)
(114,74)
(114,10)
(114,43)
(114,75)
(114,82)
(114,88)
(114,89)
(114,92)
(114,63)
(115,96)
(115,32)
(115,1)
(115,34)
(115,35)
(115,69)
(115,72)
(115,9)
(115,10)
(115,75)
(115,12)
(115,47)
(115,17)
(115,50)
(115,22)
(115,23)
(115,26)
(115,61)
(115,62)
(115,63)
(116,66)
(116,34)
(116,67)
(116,5)
(116,70)
(116,106)
(116,74)
(116,44)
(116,13)
(116,79)
(116,47)
(116,80)
(116,18)
(116,114)
(116,20)
(116,56)
(116,25)
(116,29)
(116,93)
(116,63)
(117,32)
(117,34)
(117,68)
(117,102)
(117,71)
(117,40)
(117,72)
(117,9)
(117,105)
(117,43)
(117,13)
(117,109)
(117,115)
(117,21)
(117,53)
(117,24)
(117,61)
(117,31)
(118,35)
(118,7)
(118,104)
(118,42)
(118,11)
(118,107)
(118,77)
(118,17)
(118,113)
(118,82)
(118,85)
(118,53)
(118,22)
(118,57)
(118,90)
(118,28)
(118,29)
(118,95)
(119,32)
(119,97)
(119,33)
(119,98)
(119,71)
(119,39)
(119,8)
(119,107)
(119,108)
(119,47)
(119,114)
(119,83)
(119,21)
(119,22)
(119,56)
(119,88)
(119,27)
(119,60)
(119,61)
(120,66)
(120,3)
(120,67)
(120,4)
(120,6)
(120,71)
(120,7)
(120,41)
(120,74)
(120,11)
(120,75)
(120,45)
(120,109)
(120,20)
(120,22)
(120,91)
(120,29)
(120,31)
(121,34)
(121,3)
(121,4)
(121,71)
(121,107)
(121,109)
(121,47)
(121,80)
(121,51)
(121,52)
(121,21)
(121,86)
(121,24)
(121,58)
(121,27)
(121,60)
(121,30)
(121,63)
(122,66)
(122,72)
(122,105)
(122,41)
(122,42)
(122,10)
(122,43)
(122,44)
(122,108)
(122,17)
(122,20)
(122,116)
(122,21)
(122,24)
(122,28)
(122,60)
(122,29)
(122,93)
(122,95)
(123,34)
(123,4)
(123,6)
(123,103)
(123,106)
(123,107)
(123,76)
(123,13)
(123,14)
(123,82)
(123,115)
(123,85)
(123,86)
(123,121)
(123,25)
(123,91)
(123,28)
(123,30)
(124,3)
(124,69)
(124,70)
(124,71)
(124,107)
(124,76)
(124,108)
(124,46)
(124,113)
(124,82)
(124,19)
(124,84)
(124,21)
(124,23)
(124,87)
(124,120)
(124,121)
(124,58)
(125,65)
(125,2)
(125,71)
(125,40)
(125,75)
(125,47)
(125,48)
(125,49)
(125,82)
(125,51)
(125,21)
(125,118)
(125,88)
(125,24)
(125,121)
(125,58)
(125,59)
(125,95)
(126,64)
(126,33)
(126,35)
(126,68)
(126,36)
(126,5)
(126,102)
(126,6)
(126,10)
(126,42)
(126,12)
(126,44)
(126,46)
(126,49)
(126,18)
(126,22)
(126,55)
(126,120)
(126,56)
(126,27)
(127,0)
(127,107)
(127,75)
(127,76)
(127,15)
(127,112)
(127,114)
(127,18)
(127,115)
(127,52)
(127,85)
(127,22)
(127,24)
(127,57)
(127,27)
(127,28)
(127,30)
(128,96)
(128,32)
(128,7)
(128,72)
(128,14)
(128,111)
(128,48)
(128,113)
(128,49)
(128,20)
(128,23)
(128,25)
(128,90)
(128,122)
(128,27)
(128,93)
(128,62)
(128,63)
(129,4)
(129,69)
(129,5)
(129,37)
(129,70)
(129,6)
(129,9)
(129,105)
(129,41)
(129,42)
(129,106)
(129,79)
(129,84)
(129,22)
(129,25)
(129,26)
(129,27)
(130,100)
(130,69)
(130,70)
(130,38)
(130,105)
(130,74)
(130,76)
(130,48)
(130,21)
(130,54)
(130,22)
(130,55)
(130,24)
(130,57)
(130,26)
(130,58)
(130,59)
(130,125)
(130,126)
(130,63)
(131,64)
(131,65)
(131,98)
(131,35)
(131,68)
(131,4)
(131,39)
(131,41)
(131,11)
(131,75)
(131,12)
(131,109)
(131,79)
(131,84)
(131,23)
(131,26)
(131,63)
(132,129)
(132,37)
(132,6)
(132,7)
(132,9)
(132,107)
(132,44)
(132,12)
(132,13)
(132,14)
(132,47)
(132,50)
(132,82)
(132,83)
(132,22)
(132,87)
(132,24)
(132,56)
(132,27)
(132,61)
(133,129)
(133,34)
(133,68)
(133,69)
(133,71)
(133,39)
(133,7)
(133,104)
(133,11)
(133,76)
(133,109)
(133,49)
(133,17)
(133,18)
(133,117)
(133,24)
(133,122)
(133,27)
(133,63)
(134,33)
(134,34)
(134,36)
(134,132)
(134,100)
(134,5)
(134,6)
(134,39)
(134,105)
(134,106)
(134,47)
(134,81)
(134,114)
(134,87)
(134,119)
(134,25)
(134,125)
(134,63)
(134,95)
(135,35)
(135,131)
(135,4)
(135,100)
(135,6)
(135,73)
(135,11)
(135,14)
(135,47)
(135,49)
(135,82)
(135,53)
(135,21)
(135,22)
(135,55)
(135,57)
(135,122)
(135,62)
(135,63)
(136,64)
(136,34)
(136,35)
(136,36)
(136,132)
(136,134)
(136,6)
(136,38)
(136,9)
(136,10)
(136,11)
(136,108)
(136,49)
(136,87)
(136,27)
(136,93)
(136,29)
(137,64)
(137,97)
(137,37)
(137,5)
(137,102)
(137,134)
(137,7)
(137,8)
(137,11)
(137,107)
(137,76)
(137,49)
(137,18)
(137,51)
(137,83)
(137,55)
(137,121)
(137,29)
(138,0)
(138,1)
(138,2)
(138,35)
(138,4)
(138,70)
(138,135)
(138,73)
(138,10)
(138,42)
(138,45)
(138,77)
(138,49)
(138,17)
(138,22)
(138,55)
(138,59)
(138,28)
(139,32)
(139,65)
(139,98)
(139,134)
(139,71)
(139,73)
(139,41)
(139,11)
(139,13)
(139,45)
(139,49)
(139,20)
(139,22)
(139,55)
(139,27)
(139,30)
(139,62)
(140,96)
(140,33)
(140,34)
(140,5)
(140,102)
(140,71)
(140,42)
(140,14)
(140,111)
(140,48)
(140,21)
(140,86)
(140,54)
(140,25)
(140,26)
(140,28)
(140,125)
(140,61)
(140,127)
(141,1)
(141,65)
(141,98)
(141,7)
(141,71)
(141,40)
(141,8)
(141,105)
(141,41)
(141,10)
(141,75)
(141,11)
(141,81)
(141,23)
(141,88)
(141,24)
(141,89)
(141,58)
(142,96)
(142,3)
(142,35)
(142,132)
(142,70)
(142,72)
(142,138)
(142,107)
(142,44)
(142,14)
(142,17)
(142,82)
(142,21)
(142,118)
(142,89)
(142,25)
(142,57)
(142,60)
(142,61)
(143,64)
(143,36)
(143,102)
(143,103)
(143,8)
(143,104)
(143,9)
(143,43)
(143,110)
(143,46)
(143,48)
(143,114)
(143,18)
(143,51)
(143,20)
(143,85)
(143,54)
(143,120)
(143,29)
(144,129)
(144,102)
(144,38)
(144,40)
(144,137)
(144,42)
(144,106)
(144,45)
(144,110)
(144,81)
(144,82)
(144,84)
(144,21)
(144,53)
(144,22)
(144,24)
(144,25)
(144,126)
(144,31)
(145,1)
(145,129)
(145,130)
(145,99)
(145,104)
(145,41)
(145,42)
(145,109)
(145,18)
(145,51)
(145,52)
(145,21)
(145,56)
(145,120)
(145,24)
(145,89)
(145,91)
(145,59)
(145,30)
(146,96)
(146,128)
(146,32)
(146,34)
(146,69)
(146,5)
(146,6)
(146,103)
(146,71)
(146,11)
(146,12)
(146,16)
(146,19)
(146,20)
(146,54)
(146,59)
(146,28)
(146,61)
(146,62)
(147,0)
(147,33)
(147,35)
(147,36)
(147,68)
(147,101)
(147,69)
(147,70)
(147,136)
(147,44)
(147,76)
(147,79)
(147,20)
(147,85)
(147,23)
(147,25)
(147,59)
(148,35)
(148,38)
(148,7)
(148,39)
(148,104)
(148,139)
(148,13)
(148,46)
(148,49)
(148,17)
(148,113)
(148,114)
(148,20)
(148,117)
(148,26)
(148,91)
(148,59)
(148,125)
(148,95)
(149,67)
(149,4)
(149,101)
(149,5)
(149,69)
(149,134)
(149,40)
(149,137)
(149,43)
(149,45)
(149,77)
(149,114)
(149,20)
(149,116)
(149,54)
(149,89)
(149,59)
(149,94)
(150,96)
(150,129)
(150,132)
(150,5)
(150,38)
(150,71)
(150,39)
(150,40)
(150,9)
(150,137)
(150,75)
(150,44)
(150,45)
(150,48)
(150,115)
(150,24)
(150,123)
(150,30)
(150,31)
(151,66)
(151,38)
(151,135)
(151,104)
(151,74)
(151,106)
(151,139)
(151,108)
(151,111)
(151,81)
(151,17)
(151,82)
(151,19)
(151,53)
(151,122)
(151,27)
(151,30)
(151,127)
(152,98)
(152,132)
(152,7)
(152,41)
(152,13)
(152,17)
(152,81)
(152,18)
(152,116)
(152,53)
(152,22)
(152,150)
(152,23)
(152,25)
(152,122)
(152,61)
(152,30)
(153,34)
(153,131)
(153,4)
(153,7)
(153,40)
(153,43)
(153,109)
(153,46)
(153,81)
(153,115)
(153,84)
(153,21)
(153,150)
(153,54)
(153,119)
(153,87)
(153,25)
(154,33)
(154,97)
(154,34)
(154,41)
(154,108)
(154,49)
(154,81)
(154,114)
(154,115)
(154,20)
(154,149)
(154,150)
(154,151)
(154,120)
(154,59)
(154,61)
(154,29)
(154,94)
(154,63)
(155,34)
(155,131)
(155,8)
(155,105)
(155,41)
(155,137)
(155,75)
(155,140)
(155,47)
(155,143)
(155,51)
(155,115)
(155,20)
(155,149)
(155,21)
(155,22)
(155,55)
(155,87)
(155,125)
(155,31)
(156,0)
(156,64)
(156,33)
(156,65)
(156,4)
(156,37)
(156,105)
(156,42)
(156,43)
(156,108)
(156,141)
(156,46)
(156,111)
(156,112)
(156,16)
(156,17)
(156,113)
(156,20)
(156,84)
(156,62)
(157,32)
(157,98)
(157,37)
(157,74)
(157,43)
(157,44)
(157,45)
(157,80)
(157,49)
(157,114)
(157,115)
(157,20)
(157,119)
(157,153)
(157,156)
(157,31)
(157,95)
(158,68)
(158,4)
(158,134)
(158,71)
(158,73)
(158,41)
(158,42)
(158,77)
(158,142)
(158,79)
(158,112)
(158,83)
(158,116)
(158,117)
(158,24)
(158,25)
(158,58)
(158,61)
(158,63)
(159,32)
(159,97)
(159,33)
(159,39)
(159,105)
(159,41)
(159,106)
(159,140)
(159,44)
(159,14)
(159,112)
(159,82)
(159,114)
(159,21)
(159,117)
(159,86)
(159,54)
(159,55)
(159,92)
(160,129)
(160,35)
(160,6)
(160,107)
(160,108)
(160,78)
(160,112)
(160,49)
(160,18)
(160,51)
(160,149)
(160,21)
(160,54)
(160,119)
(160,25)
(160,58)
(160,155)
(160,60)
(160,61)
(161,36)
(161,5)
(161,42)
(161,77)
(161,78)
(161,81)
(161,82)
(161,146)
(161,51)
(161,116)
(161,148)
(161,22)
(161,88)
(161,153)
(161,29)
(161,93)
(161,95)
(162,32)
(162,36)
(162,135)
(162,39)
(162,40)
(162,9)
(162,44)
(162,12)
(162,109)
(162,110)
(162,17)
(162,20)
(162,86)
(162,22)
(162,54)
(162,88)
(162,121)
(162,29)
(162,157)
(163,4)
(163,100)
(163,39)
(163,7)
(163,40)
(163,15)
(163,48)
(163,146)
(163,82)
(163,18)
(163,84)
(163,23)
(163,89)
(163,90)
(163,27)
(163,158)
(163,127)
(163,95)
(163,159)
(164,129)
(164,35)
(164,38)
(164,71)
(164,41)
(164,106)
(164,11)
(164,142)
(164,111)
(164,144)
(164,48)
(164,52)
(164,117)
(164,21)
(164,85)
(164,86)
(164,27)
(164,92)
(164,28)
(165,32)
(165,33)
(165,34)
(165,42)
(165,44)
(165,46)
(165,78)
(165,143)
(165,17)
(165,50)
(165,52)
(165,84)
(165,22)
(165,118)
(165,55)
(165,58)
(165,93)
(165,63)
(166,163)
(166,67)
(166,4)
(166,5)
(166,37)
(166,134)
(166,104)
(166,12)
(166,44)
(166,47)
(166,144)
(166,25)
(166,58)
(166,59)
(166,156)
(166,124)
(166,93)
(166,125)
(166,62)
(166,63)
(167,65)
(167,34)
(167,70)
(167,41)
(167,74)
(167,75)
(167,12)
(167,143)
(167,48)
(167,112)
(167,18)
(167,147)
(167,51)
(167,83)
(167,54)
(167,22)
(167,23)
(167,24)
(167,121)
(167,95)
(168,98)
(168,67)
(168,132)
(168,101)
(168,166)
(168,103)
(168,137)
(168,139)
(168,109)
(168,46)
(168,48)
(168,81)
(168,113)
(168,50)
(168,118)
(168,152)
(168,125)
(168,94)
(169,32)
(169,98)
(169,3)
(169,166)
(169,6)
(169,8)
(169,40)
(169,104)
(169,10)
(169,76)
(169,13)
(169,46)
(169,17)
(169,84)
(169,21)
(169,121)
(169,91)
(169,124)
(169,61)
(169,95)
(170,128)
(170,64)
(170,36)
(170,37)
(170,7)
(170,72)
(170,138)
(170,42)
(170,13)
(170,51)
(170,19)
(170,148)
(170,21)
(170,118)
(170,25)
(170,157)
(170,125)
(170,62)
(170,63)
(170,95)
(171,32)
(171,97)
(171,66)
(171,35)
(171,6)
(171,102)
(171,71)
(171,73)
(171,41)
(171,44)
(171,48)
(171,84)
(171,20)
(171,21)
(171,150)
(171,24)
(171,30)
(171,95)
(172,128)
(172,100)
(172,68)
(172,37)
(172,6)
(172,8)
(172,105)
(172,170)
(172,44)
(172,143)
(172,113)
(172,17)
(172,21)
(172,87)
(172,55)
(172,91)
(172,62)
(172,30)
(173,64)
(173,32)
(173,162)
(173,68)
(173,133)
(173,166)
(173,140)
(173,76)
(173,46)
(173,79)
(173,47)
(173,113)
(173,83)
(173,54)
(173,87)
(173,94)
(173,30)
(173,63)
(173,127)
(174,160)
(174,3)
(174,68)
(174,69)
(174,137)
(174,105)
(174,77)
(174,110)
(174,143)
(174,144)
(174,17)
(174,82)
(174,114)
(174,85)
(174,88)
(174,89)
(174,123)
(174,28)
(175,135)
(175,72)
(175,14)
(175,112)
(175,21)
(175,85)
(175,54)
(175,86)
(175,151)
(175,24)
(175,57)
(175,89)
(175,90)
(175,26)
(175,155)
(175,91)
(175,157)
(175,30)
(175,95)
(175,127)
(176,128)
(176,35)
(176,36)
(176,4)
(176,133)
(176,104)
(176,137)
(176,43)
(176,44)
(176,45)
(176,141)
(176,49)
(176,85)
(176,21)
(176,23)
(176,88)
(176,60)
(176,30)
(176,62)
(177,32)
(177,2)
(177,68)
(177,41)
(177,105)
(177,10)
(177,42)
(177,75)
(177,13)
(177,77)
(177,46)
(177,79)
(177,146)
(177,50)
(177,116)
(177,22)
(177,88)
(177,89)
(177,58)
(177,158)
(178,97)
(178,162)
(178,131)
(178,35)
(178,133)
(178,5)
(178,12)
(178,47)
(178,175)
(178,113)
(178,115)
(178,84)
(178,20)
(178,149)
(178,22)
(178,86)
(178,121)
(178,26)
(178,94)
(179,2)
(179,35)
(179,69)
(179,136)
(179,104)
(179,40)
(179,42)
(179,107)
(179,140)
(179,76)
(179,46)
(179,20)
(179,86)
(179,23)
(179,153)
(179,155)
(179,28)
(179,60)
(179,62)
(180,3)
(180,165)
(180,39)
(180,9)
(180,107)
(180,108)
(180,78)
(180,112)
(180,81)
(180,22)
(180,86)
(180,55)
(180,24)
(180,91)
(180,157)
(180,62)
(180,30)
(181,0)
(181,2)
(181,67)
(181,37)
(181,6)
(181,71)
(181,8)
(181,75)
(181,45)
(181,109)
(181,49)
(181,20)
(181,84)
(181,55)
(181,23)
(181,59)
(181,92)
(181,31)
(182,162)
(182,40)
(182,10)
(182,43)
(182,44)
(182,13)
(182,144)
(182,48)
(182,81)
(182,50)
(182,83)
(182,84)
(182,116)
(182,20)
(182,117)
(182,21)
(182,87)
(182,24)
(182,88)
(182,95)
(183,161)
(183,66)
(183,131)
(183,132)
(183,4)
(183,5)
(183,102)
(183,7)
(183,142)
(183,17)
(183,113)
(183,116)
(183,56)
(183,26)
(183,29)
(183,61)
(183,30)
(183,31)
(184,34)
(184,35)
(184,3)
(184,70)
(184,71)
(184,8)
(184,138)
(184,46)
(184,17)
(184,20)
(184,84)
(184,118)
(184,182)
(184,152)
(184,26)
(184,91)
(184,27)
(184,59)
(184,30)
(184,63)
(185,34)
(185,2)
(185,132)
(185,69)
(185,73)
(185,10)
(185,170)
(185,75)
(185,18)
(185,146)
(185,149)
(185,86)
(185,118)
(185,152)
(185,29)
(185,93)
(185,62)
(185,94)
(185,95)
(185,63)
(186,34)
(186,36)
(186,69)
(186,102)
(186,73)
(186,10)
(186,42)
(186,106)
(186,74)
(186,44)
(186,13)
(186,50)
(186,179)
(186,182)
(186,119)
(186,154)
(186,27)
(186,30)
(186,95)
(187,32)
(187,66)
(187,36)
(187,68)
(187,41)
(187,43)
(187,13)
(187,20)
(187,54)
(187,24)
(187,153)
(187,57)
(187,26)
(187,91)
(187,125)
(187,157)
(187,61)
(187,126)
(188,64)
(188,4)
(188,36)
(188,38)
(188,70)
(188,39)
(188,71)
(188,7)
(188,42)
(188,11)
(188,118)
(188,54)
(188,87)
(188,56)
(188,58)
(188,186)
(188,187)
(188,124)
(188,62)
(189,64)
(189,131)
(189,35)
(189,71)
(189,40)
(189,10)
(189,108)
(189,173)
(189,13)
(189,142)
(189,112)
(189,177)
(189,180)
(189,23)
(189,24)
(189,122)
(189,27)
(189,60)
(189,31)
(190,32)
(190,130)
(190,37)
(190,38)
(190,6)
(190,40)
(190,11)
(190,44)
(190,141)
(190,79)
(190,177)
(190,147)
(190,183)
(190,184)
(190,187)
(190,91)
(191,64)
(191,34)
(191,4)
(191,6)
(191,38)
(191,71)
(191,40)
(191,105)
(191,9)
(191,13)
(191,48)
(191,81)
(191,180)
(191,84)
(191,85)
(191,55)
(191,25)
(191,186)
(191,27)
(192,0)
(192,67)
(192,132)
(192,102)
(192,70)
(192,135)
(192,73)
(192,138)
(192,10)
(192,43)
(192,12)
(192,173)
(192,113)
(192,22)
(192,86)
(192,153)
(192,90)
(192,26)
(192,61)
(192,30)
(193,0)
(193,192)
(193,35)
(193,132)
(193,166)
(193,134)
(193,105)
(193,138)
(193,74)
(193,43)
(193,12)
(193,45)
(193,15)
(193,80)
(193,146)
(193,20)
(193,23)
(193,89)
(193,156)
(194,128)
(194,1)
(194,162)
(194,34)
(194,41)
(194,170)
(194,107)
(194,171)
(194,112)
(194,81)
(194,49)
(194,145)
(194,113)
(194,146)
(194,51)
(194,148)
(194,55)
(194,119)
(194,88)
(194,154)
(195,65)
(195,2)
(195,66)
(195,194)
(195,39)
(195,104)
(195,170)
(195,11)
(195,75)
(195,14)
(195,175)
(195,48)
(195,82)
(195,148)
(195,183)
(195,24)
(195,120)
(195,25)
(195,126)
(195,63)
(196,1)
(196,162)
(196,4)
(196,165)
(196,134)
(196,135)
(196,137)
(196,73)
(196,74)
(196,108)
(196,109)
(196,117)
(196,181)
(196,149)
(196,22)
(196,151)
(196,184)
(196,24)
(196,123)
(197,1)
(197,134)
(197,7)
(197,9)
(197,105)
(197,12)
(197,110)
(197,79)
(197,16)
(197,144)
(197,51)
(197,20)
(197,22)
(197,182)
(197,23)
(197,55)
(197,57)
(197,90)
(197,58)
(198,33)
(198,66)
(198,67)
(198,6)
(198,70)
(198,76)
(198,109)
(198,47)
(198,177)
(198,51)
(198,20)
(198,53)
(198,181)
(198,54)
(198,153)
(198,185)
(198,60)
(198,157)
(198,62)
(199,64)
(199,4)
(199,100)
(199,165)
(199,8)
(199,106)
(199,12)
(199,173)
(199,143)
(199,80)
(199,179)
(199,20)
(199,21)
(199,90)
(199,28)
(199,189)
(199,125)
(199,159)
(200,0)
(200,96)
(200,162)
(200,34)
(200,2)
(200,35)
(200,36)
(200,39)
(200,137)
(200,41)
(200,10)
(200,11)
(200,108)
(200,81)
(200,116)
(200,87)
(200,24)
(201,64)
(201,34)
(201,35)
(201,36)
(201,133)
(201,6)
(201,103)
(201,42)
(201,139)
(201,171)
(201,76)
(201,13)
(201,113)
(201,114)
(201,87)
(201,153)
(201,26)
(201,27)
(202,4)
(202,132)
(202,6)
(202,135)
(202,169)
(202,139)
(202,11)
(202,76)
(202,77)
(202,110)
(202,51)
(202,52)
(202,23)
(202,184)
(202,90)
(202,58)
(202,154)
(202,123)
(202,191)
(203,3)
(203,196)
(203,133)
(203,197)
(203,5)
(203,102)
(203,10)
(203,45)
(203,179)
(203,116)
(203,21)
(203,183)
(203,24)
(203,88)
(203,153)
(203,121)
(203,61)
(203,126)
(203,95)
(204,194)
(204,37)
(204,69)
(204,6)
(204,134)
(204,102)
(204,104)
(204,9)
(204,10)
(204,44)
(204,47)
(204,82)
(204,21)
(204,118)
(204,90)
(204,122)
(204,27)
(204,91)
(204,189)
(205,68)
(205,101)
(205,200)
(205,72)
(205,42)
(205,12)
(205,47)
(205,16)
(205,49)
(205,50)
(205,52)
(205,58)
(205,26)
(205,124)
(205,156)
(205,188)
(205,93)
(205,61)
(205,30)
(206,33)
(206,197)
(206,104)
(206,170)
(206,13)
(206,17)
(206,145)
(206,148)
(206,21)
(206,117)
(206,22)
(206,182)
(206,151)
(206,88)
(206,153)
(206,60)
(206,188)
(206,63)
(207,64)
(207,161)
(207,33)
(207,162)
(207,99)
(207,4)
(207,6)
(207,71)
(207,8)
(207,137)
(207,44)
(207,109)
(207,79)
(207,81)
(207,82)
(207,51)
(207,87)
(207,63)
(207,127)
(208,1)
(208,161)
(208,129)
(208,3)
(208,101)
(208,38)
(208,39)
(208,43)
(208,44)
(208,45)
(208,206)
(208,16)
(208,17)
(208,177)
(208,149)
(208,117)
(208,30)
(208,63)
(209,33)
(209,97)
(209,193)
(209,197)
(209,6)
(209,41)
(209,10)
(209,44)
(209,45)
(209,18)
(209,20)
(209,87)
(209,151)
(209,24)
(209,25)
(209,27)
(209,189)
(209,61)
(209,126)
(210,162)
(210,3)
(210,67)
(210,71)
(210,136)
(210,41)
(210,75)
(210,12)
(210,76)
(210,111)
(210,84)
(210,116)
(210,21)
(210,182)
(210,151)
(210,57)
(210,27)
(210,124)
(210,157)
(211,2)
(211,66)
(211,35)
(211,163)
(211,37)
(211,6)
(211,199)
(211,73)
(211,171)
(211,45)
(211,176)
(211,22)
(211,56)
(211,58)
(211,28)
(211,125)
(211,189)
(212,65)
(212,34)
(212,36)
(212,165)
(212,105)
(212,13)
(212,142)
(212,112)
(212,177)
(212,145)
(212,20)
(212,118)
(212,58)
(212,27)
(212,91)
(212,190)
(212,63)
(213,164)
(213,36)
(213,7)
(213,8)
(213,200)
(213,41)
(213,12)
(213,110)
(213,207)
(213,81)
(213,179)
(213,22)
(213,183)
(213,23)
(213,119)
(213,152)
(213,57)
(213,158)
(213,30)
(214,0)
(214,1)
(214,98)
(214,196)
(214,167)
(214,39)
(214,169)
(214,74)
(214,11)
(214,12)
(214,109)
(214,18)
(214,211)
(214,180)
(214,53)
(214,89)
(214,58)
(214,187)
(214,29)
(215,128)
(215,65)
(215,194)
(215,104)
(215,11)
(215,12)
(215,44)
(215,14)
(215,48)
(215,209)
(215,18)
(215,20)
(215,184)
(215,25)
(215,27)
(215,59)
(215,93)
(215,30)
(215,63)
(216,0)
(216,192)
(216,35)
(216,196)
(216,37)
(216,198)
(216,39)
(216,105)
(216,10)
(216,139)
(216,112)
(216,17)
(216,82)
(216,20)
(216,118)
(216,119)
(216,28)
(216,158)
(216,127)
(216,63)
(217,97)
(217,38)
(217,103)
(217,41)
(217,137)
(217,172)
(217,146)
(217,84)
(217,117)
(217,21)
(217,86)
(217,22)
(217,88)
(217,187)
(217,155)
(217,27)
(217,159)
(217,31)
(217,95)
(218,33)
(218,162)
(218,195)
(218,3)
(218,101)
(218,133)
(218,9)
(218,41)
(218,140)
(218,45)
(218,176)
(218,50)
(218,19)
(218,20)
(218,85)
(218,56)
(218,28)
(218,29)
(218,93)
(218,94)
(219,33)
(219,163)
(219,132)
(219,196)
(219,39)
(219,169)
(219,73)
(219,10)
(219,43)
(219,109)
(219,45)
(219,20)
(219,117)
(219,21)
(219,86)
(219,22)
(219,27)
(219,93)
(219,61)
(220,162)
(220,195)
(220,36)
(220,39)
(220,73)
(220,43)
(220,171)
(220,44)
(220,109)
(220,78)
(220,174)
(220,18)
(220,51)
(220,212)
(220,153)
(220,26)
(220,218)
(220,155)
(220,29)
(220,93)
(221,96)
(221,4)
(221,37)
(221,197)
(221,165)
(221,38)
(221,6)
(221,8)
(221,104)
(221,9)
(221,11)
(221,209)
(221,51)
(221,84)
(221,20)
(221,22)
(221,220)
(221,124)
(221,94)
(222,98)
(222,194)
(222,131)
(222,67)
(222,38)
(222,102)
(222,138)
(222,202)
(222,75)
(222,172)
(222,142)
(222,143)
(222,149)
(222,86)
(222,150)
(222,87)
(222,183)
(222,24)
(222,90)
(222,95)
(223,32)
(223,2)
(223,36)
(223,68)
(223,39)
(223,136)
(223,73)
(223,50)
(223,18)
(223,83)
(223,211)
(223,119)
(223,152)
(223,186)
(223,58)
(223,220)
(223,29)
(223,95)
(224,100)
(224,37)
(224,39)
(224,72)
(224,10)
(224,108)
(224,49)
(224,145)
(224,50)
(224,51)
(224,83)
(224,20)
(224,212)
(224,54)
(224,182)
(224,24)
(224,185)
(224,218)
(224,186)
(224,95)
(225,194)
(225,66)
(225,101)
(225,166)
(225,200)
(225,10)
(225,205)
(225,13)
(225,110)
(225,78)
(225,146)
(225,83)
(225,22)
(225,118)
(225,150)
(225,28)
(225,93)
(225,223)
(225,63)
(226,192)
(226,34)
(226,165)
(226,38)
(226,135)
(226,73)
(226,10)
(226,43)
(226,80)
(226,144)
(226,49)
(226,18)
(226,146)
(226,20)
(226,85)
(226,22)
(226,119)
(226,87)
(226,24)
(226,57)
(227,34)
(227,196)
(227,164)
(227,70)
(227,7)
(227,105)
(227,106)
(227,43)
(227,75)
(227,107)
(227,46)
(227,142)
(227,79)
(227,207)
(227,81)
(227,210)
(227,186)
(227,60)
(227,124)
(227,125)
(228,2)
(228,226)
(228,98)
(228,163)
(228,99)
(228,165)
(228,37)
(228,38)
(228,40)
(228,201)
(228,205)
(228,142)
(228,81)
(228,17)
(228,54)
(228,22)
(228,24)
(228,91)
(228,93)
(229,35)
(229,227)
(229,197)
(229,134)
(229,8)
(229,41)
(229,106)
(229,107)
(229,45)
(229,176)
(229,17)
(229,179)
(229,115)
(229,21)
(229,22)
(229,151)
(229,155)
(229,27)
(229,156)
(229,189)
(230,165)
(230,198)
(230,199)
(230,104)
(230,168)
(230,41)
(230,106)
(230,43)
(230,47)
(230,48)
(230,17)
(230,22)
(230,23)
(230,215)
(230,184)
(230,120)
(230,59)
(230,95)
(231,128)
(231,32)
(231,131)
(231,227)
(231,134)
(231,39)
(231,106)
(231,138)
(231,45)
(231,47)
(231,144)
(231,179)
(231,211)
(231,51)
(231,27)
(231,28)
(231,94)
(231,63)
(231,31)
(232,192)
(232,96)
(232,97)
(232,132)
(232,69)
(232,134)
(232,39)
(232,104)
(232,42)
(232,138)
(232,112)
(232,179)
(232,51)
(232,147)
(232,52)
(232,181)
(232,22)
(232,24)
(232,94)
(232,63)
(233,34)
(233,228)
(233,41)
(233,202)
(233,44)
(233,12)
(233,205)
(233,46)
(233,177)
(233,52)
(233,21)
(233,150)
(233,24)
(233,90)
(233,58)
(233,59)
(233,60)
(233,157)
(233,30)
(233,62)
(234,128)
(234,96)
(234,68)
(234,6)
(234,102)
(234,135)
(234,40)
(234,203)
(234,139)
(234,77)
(234,13)
(234,178)
(234,19)
(234,185)
(234,154)
(234,220)
(234,92)
(234,125)
(234,157)
(234,191)
(235,1)
(235,193)
(235,36)
(235,6)
(235,7)
(235,72)
(235,42)
(235,74)
(235,106)
(235,12)
(235,77)
(235,115)
(235,86)
(235,24)
(235,152)
(235,154)
(235,28)
(235,223)
(235,191)
(236,34)
(236,4)
(236,230)
(236,137)
(236,171)
(236,203)
(236,114)
(236,18)
(236,84)
(236,52)
(236,117)
(236,216)
(236,88)
(236,25)
(236,58)
(236,27)
(236,61)
(237,129)
(237,162)
(237,3)
(237,4)
(237,132)
(237,37)
(237,233)
(237,75)
(237,11)
(237,46)
(237,208)
(237,112)
(237,144)
(237,50)
(237,147)
(237,84)
(237,22)
(237,189)
(237,95)
(238,163)
(238,4)
(238,69)
(238,38)
(238,70)
(238,231)
(238,136)
(238,44)
(238,78)
(238,112)
(238,176)
(238,146)
(238,50)
(238,20)
(238,85)
(238,122)
(238,218)
(238,187)
(238,61)
(238,190)
(239,34)
(239,195)
(239,164)
(239,37)
(239,7)
(239,9)
(239,42)
(239,139)
(239,12)
(239,48)
(239,18)
(239,117)
(239,86)
(239,55)
(239,57)
(239,185)
(239,27)
(239,221)
(239,30)
(239,95)
(240,33)
(240,97)
(240,34)
(240,35)
(240,227)
(240,37)
(240,198)
(240,167)
(240,232)
(240,9)
(240,105)
(240,10)
(240,46)
(240,239)
(240,210)
(240,151)
(240,185)
(240,27)
(240,95)
(241,97)
(241,34)
(241,134)
(241,168)
(241,201)
(241,202)
(241,12)
(241,205)
(241,142)
(241,143)
(241,148)
(241,180)
(241,23)
(241,24)
(241,185)
(241,57)
(241,186)
(241,26)
(241,93)
(241,190)
(242,68)
(242,229)
(242,70)
(242,104)
(242,40)
(242,9)
(242,233)
(242,236)
(242,16)
(242,49)
(242,83)
(242,180)
(242,23)
(242,119)
(242,183)
(242,123)
(242,124)
(242,220)
(242,94)
(243,227)
(243,163)
(243,195)
(243,132)
(243,6)
(243,137)
(243,235)
(243,13)
(243,77)
(243,240)
(243,19)
(243,21)
(243,53)
(243,182)
(243,22)
(243,26)
(243,220)
(243,61)
(243,94)
(243,223)
(244,0)
(244,96)
(244,33)
(244,68)
(244,133)
(244,198)
(244,232)
(244,233)
(244,42)
(244,107)
(244,13)
(244,17)
(244,114)
(244,21)
(244,150)
(244,22)
(244,58)
(244,123)
(244,27)
(244,63)
(245,32)
(245,96)
(245,64)
(245,98)
(245,130)
(245,41)
(245,74)
(245,75)
(245,237)
(245,113)
(245,145)
(245,18)
(245,211)
(245,180)
(245,182)
(245,215)
(245,216)
(245,30)
(246,0)
(246,131)
(246,164)
(246,38)
(246,199)
(246,232)
(246,201)
(246,138)
(246,108)
(246,140)
(246,44)
(246,16)
(246,177)
(246,81)
(246,149)
(246,24)
(246,59)
(246,126)
(246,63)
(247,162)
(247,4)
(247,36)
(247,165)
(247,169)
(247,47)
(247,114)
(247,82)
(247,84)
(247,149)
(247,22)
(247,24)
(247,216)
(247,154)
(247,58)
(247,27)
(247,30)
(247,62)
(247,223)
(248,65)
(248,34)
(248,98)
(248,133)
(248,37)
(248,38)
(248,39)
(248,73)
(248,9)
(248,106)
(248,11)
(248,143)
(248,48)
(248,180)
(248,123)
(248,28)
(248,62)
(248,159)
(249,128)
(249,161)
(249,193)
(249,35)
(249,71)
(249,199)
(249,107)
(249,140)
(249,141)
(249,18)
(249,50)
(249,179)
(249,85)
(249,22)
(249,119)
(249,183)
(249,185)
(249,92)
(249,93)
(249,125)
(250,65)
(250,67)
(250,228)
(250,37)
(250,165)
(250,106)
(250,142)
(250,18)
(250,84)
(250,85)
(250,23)
(250,184)
(250,216)
(250,89)
(250,26)
(250,155)
(250,27)
(250,124)
(251,97)
(251,195)
(251,198)
(251,39)
(251,135)
(251,13)
(251,206)
(251,47)
(251,112)
(251,212)
(251,117)
(251,86)
(251,150)
(251,215)
(251,24)
(251,219)
(251,27)
(251,62)
(251,30)
(252,65)
(252,34)
(252,35)
(252,69)
(252,38)
(252,41)
(252,138)
(252,10)
(252,239)
(252,207)
(252,48)
(252,177)
(252,211)
(252,179)
(252,21)
(252,22)
(252,25)
(252,29)
(252,61)
(252,31)
(253,160)
(253,33)
(253,38)
(253,39)
(253,9)
(253,73)
(253,10)
(253,75)
(253,13)
(253,142)
(253,48)
(253,84)
(253,148)
(253,20)
(253,151)
(253,248)
(253,153)
(253,25)
(253,251)
(253,91)
(254,161)
(254,66)
(254,100)
(254,102)
(254,137)
(254,106)
(254,234)
(254,11)
(254,44)
(254,47)
(254,177)
(254,50)
(254,54)
(254,23)
(254,55)
(254,87)
(254,184)
(254,56)
(254,27)
(254,126)
(255,35)
(255,134)
(255,103)
(255,135)
(255,9)
(255,42)
(255,44)
(255,141)
(255,79)
(255,16)
(255,80)
(255,241)
(255,21)
(255,246)
(255,24)
(255,217)
(255,26)
(255,186)
(256,64)
(256,1)
(256,163)
(256,67)
(256,9)
(256,203)
(256,45)
(256,13)
(256,238)
(256,207)
(256,145)
(256,241)
(256,116)
(256,213)
(256,214)
(256,215)
(256,58)
(256,26)
(256,157)
(256,95)
(257,96)
(257,66)
(257,196)
(257,37)
(257,39)
(257,71)
(257,40)
(257,41)
(257,73)
(257,237)
(257,47)
(257,177)
(257,114)
(257,247)
(257,24)
(257,25)
(257,92)
(257,60)
(257,158)
(257,222)
(258,1)
(258,65)
(258,35)
(258,132)
(258,36)
(258,229)
(258,69)
(258,40)
(258,9)
(258,137)
(258,107)
(258,43)
(258,175)
(258,112)
(258,18)
(258,245)
(258,247)
(258,123)
(258,60)
(259,194)
(259,35)
(259,227)
(259,228)
(259,70)
(259,71)
(259,103)
(259,140)
(259,13)
(259,14)
(259,49)
(259,114)
(259,154)
(259,218)
(259,187)
(259,157)
(259,62)
(259,95)
(259,31)
(260,32)
(260,67)
(260,35)
(260,72)
(260,73)
(260,138)
(260,173)
(260,238)
(260,47)
(260,143)
(260,50)
(260,147)
(260,52)
(260,247)
(260,88)
(260,251)
(260,59)
(260,219)
(260,125)
(260,191)
(261,226)
(261,66)
(261,35)
(261,99)
(261,259)
(261,36)
(261,164)
(261,70)
(261,39)
(261,140)
(261,204)
(261,13)
(261,79)
(261,112)
(261,49)
(261,242)
(261,18)
(261,21)
(261,186)
(261,157)
(262,160)
(262,32)
(262,64)
(262,161)
(262,67)
(262,132)
(262,4)
(262,198)
(262,12)
(262,207)
(262,18)
(262,50)
(262,20)
(262,181)
(262,182)
(262,23)
(262,121)
(262,61)
(262,30)
(262,94)
(263,97)
(263,36)
(263,69)
(263,39)
(263,43)
(263,140)
(263,108)
(263,13)
(263,14)
(263,16)
(263,84)
(263,21)
(263,24)
(263,56)
(263,89)
(263,122)
(263,252)
(263,60)
(263,125)
(263,159)
(264,160)
(264,194)
(264,163)
(264,67)
(264,102)
(264,74)
(264,202)
(264,75)
(264,238)
(264,207)
(264,179)
(264,20)
(264,181)
(264,118)
(264,215)
(264,120)
(264,24)
(264,90)
(264,186)
(264,127)
(265,64)
(265,97)
(265,36)
(265,71)
(265,264)
(265,105)
(265,74)
(265,42)
(265,46)
(265,80)
(265,48)
(265,179)
(265,22)
(265,182)
(265,25)
(265,57)
(265,186)
(265,250)
(265,155)
(265,28)
(266,32)
(266,226)
(266,99)
(266,164)
(266,38)
(266,203)
(266,110)
(266,177)
(266,113)
(266,242)
(266,243)
(266,117)
(266,21)
(266,22)
(266,218)
(266,27)
(266,94)
(267,65)
(267,7)
(267,104)
(267,42)
(267,266)
(267,234)
(267,206)
(267,47)
(267,177)
(267,17)
(267,81)
(267,145)
(267,214)
(267,119)
(267,156)
(267,92)
(267,125)
(267,61)
(267,29)
(267,126)
(268,128)
(268,129)
(268,4)
(268,36)
(268,102)
(268,106)
(268,11)
(268,139)
(268,12)
(268,140)
(268,143)
(268,144)
(268,21)
(268,150)
(268,23)
(268,57)
(268,154)
(268,90)
(268,156)
(268,158)
(269,161)
(269,257)
(269,130)
(269,2)
(269,230)
(269,142)
(269,206)
(269,111)
(269,16)
(269,81)
(269,18)
(269,82)
(269,211)
(269,20)
(269,21)
(269,92)
(269,61)
(269,93)
(269,30)
(270,0)
(270,33)
(270,69)
(270,43)
(270,236)
(270,268)
(270,238)
(270,145)
(270,241)
(270,21)
(270,86)
(270,118)
(270,87)
(270,24)
(270,56)
(270,25)
(270,59)
(270,92)
(270,126)
(271,33)
(271,34)
(271,227)
(271,99)
(271,196)
(271,37)
(271,134)
(271,102)
(271,38)
(271,106)
(271,107)
(271,139)
(271,108)
(271,44)
(271,109)
(271,237)
(271,145)
(271,147)
(271,21)
(271,60)
(272,256)
(272,194)
(272,100)
(272,200)
(272,9)
(272,138)
(272,11)
(272,206)
(272,175)
(272,176)
(272,20)
(272,216)
(272,122)
(272,220)
(272,188)
(272,221)
(272,94)
(273,96)
(273,194)
(273,35)
(273,164)
(273,132)
(273,134)
(273,264)
(273,136)
(273,106)
(273,77)
(273,208)
(273,178)
(273,148)
(273,21)
(273,91)
(273,93)
(273,125)
(273,190)
(274,35)
(274,229)
(274,133)
(274,71)
(274,135)
(274,104)
(274,74)
(274,42)
(274,107)
(274,44)
(274,12)
(274,78)
(274,15)
(274,48)
(274,241)
(274,53)
(274,24)
(274,184)
(274,186)
(274,220)
(275,34)
(275,102)
(275,104)
(275,9)
(275,11)
(275,12)
(275,140)
(275,45)
(275,271)
(275,175)
(275,240)
(275,48)
(275,116)
(275,21)
(275,86)
(275,23)
(275,24)
(275,56)
(275,185)
(275,125)
(276,128)
(276,130)
(276,75)
(276,268)
(276,204)
(276,205)
(276,78)
(276,112)
(276,113)
(276,17)
(276,211)
(276,115)
(276,21)
(276,149)
(276,246)
(276,91)
(276,61)
(276,93)
(277,32)
(277,193)
(277,130)
(277,260)
(277,196)
(277,39)
(277,72)
(277,40)
(277,73)
(277,139)
(277,44)
(277,13)
(277,143)
(277,15)
(277,182)
(277,123)
(277,28)
(277,61)
(278,160)
(278,96)
(278,33)
(278,66)
(278,34)
(278,104)
(278,76)
(278,173)
(278,77)
(278,47)
(278,273)
(278,83)
(278,85)
(278,248)
(278,121)
(278,26)
(278,29)
(278,95)
(279,128)
(279,256)
(279,193)
(279,131)
(279,68)
(279,132)
(279,7)
(279,268)
(279,238)
(279,143)
(279,113)
(279,116)
(279,245)
(279,21)
(279,23)
(279,55)
(279,58)
(279,187)
(279,252)
(279,61)
(280,98)
(280,131)
(280,71)
(280,267)
(280,44)
(280,207)
(280,52)
(280,246)
(280,54)
(280,182)
(280,216)
(280,25)
(280,185)
(280,27)
(280,125)
(280,95)
(281,32)
(281,0)
(281,33)
(281,194)
(281,162)
(281,7)
(281,264)
(281,138)
(281,75)
(281,45)
(281,112)
(281,51)
(281,20)
(281,215)
(281,218)
(281,26)
(281,58)
(281,220)
(281,30)
(281,31)
(282,97)
(282,133)
(282,70)
(282,71)
(282,72)
(282,168)
(282,233)
(282,266)
(282,241)
(282,275)
(282,212)
(282,21)
(282,22)
(282,248)
(282,152)
(282,60)
(282,254)
(282,63)
(282,95)
(283,1)
(283,34)
(283,199)
(283,40)
(283,106)
(283,234)
(283,139)
(283,43)
(283,173)
(283,243)
(283,116)
(283,245)
(283,21)
(283,54)
(283,119)
(283,24)
(283,90)
(283,126)
(283,63)
(283,95)
(284,65)
(284,131)
(284,165)
(284,263)
(284,39)
(284,201)
(284,234)
(284,12)
(284,172)
(284,13)
(284,45)
(284,242)
(284,114)
(284,21)
(284,149)
(284,85)
(284,247)
(284,249)
(284,89)
(284,27)
(285,65)
(285,34)
(285,132)
(285,71)
(285,40)
(285,13)
(285,49)
(285,241)
(285,209)
(285,114)
(285,82)
(285,19)
(285,116)
(285,22)
(285,215)
(285,185)
(285,186)
(285,60)
(285,30)
(285,223)
(286,194)
(286,73)
(286,137)
(286,139)
(286,235)
(286,206)
(286,79)
(286,18)
(286,51)
(286,275)
(286,182)
(286,154)
(286,27)
(286,123)
(286,92)
(286,61)
(286,94)
(286,255)
(287,32)
(287,193)
(287,100)
(287,132)
(287,133)
(287,102)
(287,103)
(287,233)
(287,105)
(287,107)
(287,172)
(287,206)
(287,16)
(287,52)
(287,20)
(287,21)
(287,246)
(287,22)
(287,249)
(288,100)
(288,36)
(288,260)
(288,5)
(288,102)
(288,230)
(288,264)
(288,47)
(288,48)
(288,81)
(288,147)
(288,84)
(288,20)
(288,22)
(288,55)
(288,25)
(288,59)
(288,253)
(288,63)
(288,255)
(289,34)
(289,35)
(289,132)
(289,36)
(289,261)
(289,69)
(289,71)
(289,10)
(289,48)
(289,21)
(289,249)
(289,90)
(289,122)
(289,27)
(289,251)
(289,188)
(289,125)
(289,254)
(290,1)
(290,228)
(290,166)
(290,136)
(290,104)
(290,201)
(290,106)
(290,138)
(290,110)
(290,47)
(290,50)
(290,20)
(290,24)
(290,56)
(290,26)
(290,27)
(290,219)
(290,159)
(290,31)
(291,258)
(291,195)
(291,67)
(291,35)
(291,70)
(291,198)
(291,233)
(291,138)
(291,107)
(291,44)
(291,45)
(291,205)
(291,13)
(291,111)
(291,208)
(291,21)
(291,184)
(291,90)
(291,156)
(291,61)
(292,97)
(292,65)
(292,67)
(292,132)
(292,36)
(292,6)
(292,200)
(292,141)
(292,16)
(292,80)
(292,17)
(292,275)
(292,243)
(292,85)
(292,214)
(292,86)
(292,150)
(292,253)
(292,157)
(292,254)
(293,193)
(293,2)
(293,195)
(293,197)
(293,199)
(293,39)
(293,41)
(293,138)
(293,140)
(293,238)
(293,270)
(293,143)
(293,144)
(293,208)
(293,84)
(293,21)
(293,124)
(293,93)
(293,286)
(293,190)
(294,192)
(294,33)
(294,194)
(294,69)
(294,5)
(294,8)
(294,170)
(294,171)
(294,208)
(294,81)
(294,52)
(294,53)
(294,21)
(294,246)
(294,119)
(294,57)
(294,28)
(294,60)
(294,222)
(295,35)
(295,4)
(295,37)
(295,70)
(295,135)
(295,72)
(295,171)
(295,12)
(295,142)
(295,47)
(295,79)
(295,17)
(295,275)
(295,179)
(295,22)
(295,56)
(295,121)
(295,25)
(295,154)
(295,123)
(296,129)
(296,35)
(296,195)
(296,69)
(296,198)
(296,136)
(296,72)
(296,268)
(296,12)
(296,269)
(296,173)
(296,238)
(296,51)
(296,24)
(296,249)
(296,25)
(296,58)
(296,253)
(296,61)
(296,126)
(297,1)
(297,4)
(297,72)
(297,266)
(297,11)
(297,12)
(297,45)
(297,78)
(297,275)
(297,84)
(297,116)
(297,118)
(297,278)
(297,86)
(297,87)
(297,122)
(297,188)
(297,94)
(297,191)
(297,31)
(298,96)
(298,65)
(298,132)
(298,4)
(298,37)
(298,103)
(298,139)
(298,108)
(298,13)
(298,244)
(298,21)
(298,22)
(298,118)
(298,57)
(298,58)
(298,122)
(298,123)
(298,155)
(298,63)
(299,64)
(299,160)
(299,96)
(299,161)
(299,193)
(299,33)
(299,34)
(299,2)
(299,35)
(299,69)
(299,293)
(299,42)
(299,75)
(299,11)
(299,45)
(299,239)
(299,210)
(299,245)
(299,59)
(299,254)
(300,32)
(300,33)
(300,98)
(300,101)
(300,38)
(300,8)
(300,41)
(300,42)
(300,11)
(300,44)
(300,206)
(300,16)
(300,273)
(300,178)
(300,211)
(300,180)
(300,21)
(300,246)
(300,156)
(300,93)
(301,65)
(301,36)
(301,102)
(301,41)
(301,201)
(301,12)
(301,46)
(301,15)
(301,241)
(301,19)
(301,279)
(301,151)
(301,152)
(301,89)
(301,249)
(301,186)
(301,93)
(301,30)
(302,256)
(302,97)
(302,1)
(302,258)
(302,195)
(302,35)
(302,199)
(302,103)
(302,200)
(302,41)
(302,42)
(302,107)
(302,13)
(302,79)
(302,114)
(302,50)
(302,51)
(302,116)
(302,213)
(302,95)
(303,226)
(303,260)
(303,40)
(303,72)
(303,201)
(303,11)
(303,141)
(303,109)
(303,175)
(303,15)
(303,21)
(303,277)
(303,54)
(303,87)
(303,56)
(303,250)
(303,58)
(304,65)
(304,98)
(304,228)
(304,39)
(304,40)
(304,296)
(304,170)
(304,140)
(304,47)
(304,176)
(304,208)
(304,210)
(304,51)
(304,22)
(304,120)
(304,152)
(304,280)
(304,188)
(304,29)
(304,126)
(305,32)
(305,97)
(305,65)
(305,69)
(305,232)
(305,41)
(305,169)
(305,138)
(305,45)
(305,175)
(305,79)
(305,51)
(305,148)
(305,116)
(305,278)
(305,25)
(305,28)
(305,189)
(306,64)
(306,197)
(306,199)
(306,7)
(306,297)
(306,11)
(306,173)
(306,110)
(306,48)
(306,17)
(306,49)
(306,275)
(306,84)
(306,245)
(306,55)
(306,122)
(306,27)
(306,28)
(306,285)
(307,33)
(307,261)
(307,6)
(307,71)
(307,296)
(307,264)
(307,74)
(307,108)
(307,13)
(307,269)
(307,238)
(307,48)
(307,304)
(307,20)
(307,25)
(307,217)
(307,186)
(307,27)
(307,157)
(307,222)
(308,0)
(308,194)
(308,4)
(308,167)
(308,104)
(308,201)
(308,42)
(308,170)
(308,138)
(308,18)
(308,211)
(308,116)
(308,213)
(308,117)
(308,278)
(308,86)
(308,87)
(308,26)
(308,219)
(308,62)
(309,256)
(309,195)
(309,99)
(309,132)
(309,197)
(309,303)
(309,81)
(309,209)
(309,274)
(309,51)
(309,179)
(309,84)
(309,153)
(309,57)
(309,218)
(309,28)
(309,157)
(309,95)
(309,191)
(309,63)
(310,100)
(310,133)
(310,293)
(310,42)
(310,108)
(310,236)
(310,109)
(310,79)
(310,112)
(310,213)
(310,21)
(310,54)
(310,55)
(310,217)
(310,58)
(310,27)
(310,285)
(310,286)
(311,163)
(311,70)
(311,38)
(311,6)
(311,136)
(311,41)
(311,298)
(311,109)
(311,239)
(311,144)
(311,113)
(311,115)
(311,84)
(311,21)
(311,25)
(311,154)
(311,123)
(311,30)
(311,63)
(312,33)
(312,130)
(312,100)
(312,39)
(312,264)
(312,265)
(312,73)
(312,76)
(312,238)
(312,175)
(312,177)
(312,148)
(312,20)
(312,310)
(312,182)
(312,54)
(312,150)
(312,56)
(312,124)
(312,30)
(313,32)
(313,196)
(313,69)
(313,200)
(313,105)
(313,41)
(313,298)
(313,236)
(313,237)
(313,175)
(313,239)
(313,306)
(313,82)
(313,20)
(313,280)
(313,251)
(313,61)
(313,125)
(313,94)
(314,66)
(314,2)
(314,36)
(314,5)
(314,102)
(314,6)
(314,137)
(314,265)
(314,106)
(314,13)
(314,109)
(314,271)
(314,50)
(314,114)
(314,20)
(314,84)
(314,118)
(314,278)
(314,22)
(314,122)
(315,96)
(315,5)
(315,40)
(315,236)
(315,304)
(315,208)
(315,49)
(315,81)
(315,113)
(315,18)
(315,116)
(315,278)
(315,24)
(315,184)
(315,28)
(315,157)
(315,222)
(315,287)
(316,258)
(316,37)
(316,6)
(316,109)
(316,238)
(316,239)
(316,144)
(316,81)
(316,210)
(316,180)
(316,84)
(316,182)
(316,247)
(316,122)
(316,26)
(316,314)
(316,253)
(316,95)
(316,223)
(317,192)
(317,34)
(317,131)
(317,99)
(317,36)
(317,196)
(317,40)
(317,106)
(317,10)
(317,11)
(317,205)
(317,110)
(317,272)
(317,49)
(317,82)
(317,22)
(317,54)
(317,215)
(317,153)
(318,32)
(318,192)
(318,36)
(318,42)
(318,173)
(318,111)
(318,80)
(318,146)
(318,147)
(318,51)
(318,84)
(318,148)
(318,53)
(318,149)
(318,86)
(318,278)
(318,215)
(318,151)
(318,91)
(318,61)
(319,96)
(319,133)
(319,101)
(319,199)
(319,231)
(319,106)
(319,10)
(319,12)
(319,44)
(319,172)
(319,76)
(319,15)
(319,178)
(319,243)
(319,149)
(319,246)
(319,86)
(319,285)
(319,29)
(320,226)
(320,67)
(320,38)
(320,71)
(320,44)
(320,205)
(320,77)
(320,237)
(320,45)
(320,110)
(320,49)
(320,17)
(320,276)
(320,183)
(320,56)
(320,121)
(320,217)
(320,314)
(320,26)
(321,259)
(321,196)
(321,38)
(321,301)
(321,77)
(321,14)
(321,47)
(321,177)
(321,50)
(321,20)
(321,117)
(321,21)
(321,88)
(321,56)
(321,90)
(321,125)
(321,318)
(322,128)
(322,193)
(322,194)
(322,166)
(322,134)
(322,71)
(322,39)
(322,168)
(322,138)
(322,107)
(322,76)
(322,173)
(322,49)
(322,85)
(322,53)
(322,278)
(322,311)
(322,121)
(322,89)
(322,156)
(323,96)
(323,224)
(323,33)
(323,98)
(323,36)
(323,197)
(323,6)
(323,294)
(323,233)
(323,42)
(323,203)
(323,46)
(323,142)
(323,80)
(323,82)
(323,182)
(323,214)
(323,184)
(323,28)
(323,62)
(324,228)
(324,293)
(324,133)
(324,166)
(324,39)
(324,9)
(324,75)
(324,77)
(324,141)
(324,46)
(324,270)
(324,47)
(324,17)
(324,52)
(324,84)
(324,56)
(324,313)
(324,285)
(324,287)
(325,32)
(325,225)
(325,233)
(325,137)
(325,107)
(325,236)
(325,237)
(325,174)
(325,207)
(325,112)
(325,49)
(325,183)
(325,55)
(325,56)
(325,25)
(325,153)
(325,91)
(325,251)
(325,59)
(326,258)
(326,36)
(326,4)
(326,292)
(326,230)
(326,104)
(326,41)
(326,75)
(326,46)
(326,305)
(326,25)
(326,59)
(326,155)
(326,92)
(326,156)
(326,221)
(326,29)
(326,318)
(326,62)
(327,194)
(327,262)
(327,167)
(327,135)
(327,40)
(327,41)
(327,233)
(327,110)
(327,209)
(327,147)
(327,19)
(327,179)
(327,115)
(327,56)
(327,27)
(327,124)
(327,189)
(327,222)
(328,194)
(328,2)
(328,132)
(328,36)
(328,166)
(328,70)
(328,198)
(328,169)
(328,271)
(328,176)
(328,48)
(328,306)
(328,308)
(328,21)
(328,312)
(328,252)
(328,92)
(328,190)
(329,66)
(329,67)
(329,229)
(329,198)
(329,40)
(329,104)
(329,41)
(329,73)
(329,11)
(329,268)
(329,76)
(329,44)
(329,175)
(329,143)
(329,114)
(329,212)
(329,21)
(329,24)
(329,27)
(329,127)
(330,97)
(330,33)
(330,130)
(330,227)
(330,36)
(330,325)
(330,293)
(330,39)
(330,11)
(330,176)
(330,48)
(330,241)
(330,147)
(330,85)
(330,22)
(330,56)
(330,251)
(330,29)
(330,30)
(331,224)
(331,97)
(331,34)
(331,227)
(331,259)
(331,133)
(331,198)
(331,102)
(331,43)
(331,78)
(331,17)
(331,114)
(331,83)
(331,276)
(331,151)
(331,88)
(331,123)
(331,92)
(331,156)
(331,30)
(332,0)
(332,98)
(332,3)
(332,132)
(332,197)
(332,71)
(332,136)
(332,265)
(332,201)
(332,10)
(332,46)
(332,48)
(332,18)
(332,243)
(332,275)
(332,54)
(332,247)
(332,183)
(332,28)
(332,92)
(333,97)
(333,66)
(333,3)
(333,4)
(333,229)
(333,165)
(333,135)
(333,39)
(333,72)
(333,107)
(333,237)
(333,111)
(333,48)
(333,81)
(333,83)
(333,212)
(333,87)
(333,155)
(333,29)
(333,127)
(334,98)
(334,38)
(334,231)
(334,39)
(334,8)
(334,106)
(334,10)
(334,139)
(334,11)
(334,140)
(334,205)
(334,52)
(334,277)
(334,311)
(334,90)
(334,219)
(334,187)
(334,285)
(334,61)
(334,63)
(335,288)
(335,5)
(335,37)
(335,297)
(335,42)
(335,267)
(335,140)
(335,12)
(335,174)
(335,207)
(335,21)
(335,213)
(335,58)
(335,315)
(335,124)
(335,189)
(335,30)
(335,95)
(336,130)
(336,4)
(336,5)
(336,295)
(336,104)
(336,40)
(336,105)
(336,43)
(336,109)
(336,334)
(336,46)
(336,239)
(336,146)
(336,82)
(336,179)
(336,310)
(336,27)
(336,61)
(336,223)
(337,96)
(337,129)
(337,196)
(337,197)
(337,7)
(337,296)
(337,10)
(337,11)
(337,107)
(337,172)
(337,108)
(337,302)
(337,18)
(337,50)
(337,114)
(337,181)
(337,21)
(337,278)
(337,87)
(337,219)
(338,64)
(338,129)
(338,36)
(338,198)
(338,327)
(338,41)
(338,43)
(338,76)
(338,13)
(338,81)
(338,241)
(338,21)
(338,22)
(338,23)
(338,120)
(338,26)
(338,253)
(338,61)
(338,319)
(339,2)
(339,35)
(339,4)
(339,70)
(339,102)
(339,44)
(339,48)
(339,337)
(339,273)
(339,114)
(339,18)
(339,147)
(339,86)
(339,119)
(339,88)
(339,58)
(339,219)
(339,253)
(340,0)
(340,99)
(340,4)
(340,229)
(340,6)
(340,200)
(340,46)
(340,146)
(340,115)
(340,151)
(340,215)
(340,24)
(340,121)
(340,281)
(340,26)
(340,60)
(340,92)
(340,94)
(340,287)
(340,31)
(341,161)
(341,66)
(341,36)
(341,261)
(341,38)
(341,329)
(341,13)
(341,77)
(341,208)
(341,272)
(341,177)
(341,274)
(341,116)
(341,310)
(341,58)
(341,90)
(341,27)
(341,123)
(341,157)
(341,317)
(342,260)
(342,68)
(342,261)
(342,69)
(342,200)
(342,264)
(342,137)
(342,298)
(342,234)
(342,138)
(342,172)
(342,270)
(342,48)
(342,49)
(342,209)
(342,19)
(342,148)
(342,22)
(342,157)
(342,62)
(343,226)
(343,67)
(343,293)
(343,71)
(343,9)
(343,75)
(343,13)
(343,239)
(343,207)
(343,147)
(343,307)
(343,278)
(343,184)
(343,89)
(343,186)
(343,59)
(343,189)
(343,317)
(343,61)
(343,254)
(344,97)
(344,129)
(344,194)
(344,5)
(344,198)
(344,135)
(344,295)
(344,299)
(344,14)
(344,46)
(344,111)
(344,240)
(344,246)
(344,23)
(344,56)
(344,281)
(344,186)
(344,122)
(344,157)
(344,29)
(345,288)
(345,0)
(345,161)
(345,323)
(345,38)
(345,40)
(345,41)
(345,10)
(345,298)
(345,106)
(345,11)
(345,109)
(345,78)
(345,22)
(345,24)
(345,123)
(345,27)
(345,28)
(346,1)
(346,36)
(346,229)
(346,5)
(346,294)
(346,38)
(346,103)
(346,39)
(346,135)
(346,167)
(346,267)
(346,144)
(346,16)
(346,17)
(346,209)
(346,84)
(346,213)
(346,29)
(346,31)
(347,129)
(347,72)
(347,136)
(347,138)
(347,12)
(347,45)
(347,115)
(347,116)
(347,56)
(347,24)
(347,57)
(347,58)
(347,250)
(347,122)
(347,219)
(347,28)
(347,157)
(347,125)
(347,62)
(348,1)
(348,162)
(348,67)
(348,292)
(348,231)
(348,73)
(348,234)
(348,42)
(348,11)
(348,12)
(348,109)
(348,47)
(348,80)
(348,51)
(348,148)
(348,22)
(348,25)
(349,128)
(349,34)
(349,294)
(349,200)
(349,329)
(349,110)
(349,143)
(349,117)
(349,21)
(349,88)
(349,154)
(349,155)
(349,27)
(349,60)
(349,254)
(349,62)
(349,94)
(349,255)
(350,1)
(350,257)
(350,2)
(350,130)
(350,35)
(350,67)
(350,36)
(350,164)
(350,135)
(350,231)
(350,104)
(350,138)
(350,49)
(350,306)
(350,214)
(350,249)
(350,156)
(350,61)
(350,158)
(350,62)
(351,193)
(351,290)
(351,99)
(351,260)
(351,228)
(351,4)
(351,6)
(351,39)
(351,8)
(351,298)
(351,106)
(351,140)
(351,241)
(351,275)
(351,180)
(351,183)
(351,284)
(351,61)
(351,93)
(352,0)
(352,224)
(352,321)
(352,98)
(352,4)
(352,68)
(352,136)
(352,15)
(352,144)
(352,178)
(352,306)
(352,180)
(352,148)
(352,21)
(352,53)
(352,277)
(352,214)
(352,25)
(352,27)
(352,30)
(353,291)
(353,228)
(353,325)
(353,37)
(353,199)
(353,9)
(353,268)
(353,176)
(353,17)
(353,85)
(353,183)
(353,247)
(353,248)
(353,345)
(353,61)
(353,126)
(353,31)
(353,95)
(354,0)
(354,33)
(354,291)
(354,164)
(354,167)
(354,265)
(354,107)
(354,46)
(354,176)
(354,18)
(354,117)
(354,53)
(354,22)
(354,121)
(354,313)
(354,25)
(354,188)
(354,157)
(354,222)
(354,95)
(355,224)
(355,34)
(355,323)
(355,131)
(355,35)
(355,69)
(355,37)
(355,7)
(355,169)
(355,202)
(355,138)
(355,106)
(355,108)
(355,13)
(355,112)
(355,240)
(355,82)
(355,22)
(355,26)
(355,287)
(356,224)
(356,33)
(356,290)
(356,132)
(356,324)
(356,5)
(356,229)
(356,297)
(356,334)
(356,303)
(356,307)
(356,214)
(356,55)
(356,183)
(356,152)
(356,185)
(356,314)
(356,95)
(356,31)
(357,33)
(357,193)
(357,34)
(357,355)
(357,5)
(357,133)
(357,70)
(357,9)
(357,170)
(357,12)
(357,300)
(357,172)
(357,268)
(357,241)
(357,84)
(357,24)
(357,90)
(357,60)
(357,221)
(357,31)
(358,35)
(358,71)
(358,10)
(358,11)
(358,140)
(358,13)
(358,206)
(358,142)
(358,175)
(358,17)
(358,81)
(358,277)
(358,86)
(358,87)
(358,60)
(358,61)
(358,318)
(358,127)
(358,287)
(359,98)
(359,68)
(359,6)
(359,200)
(359,168)
(359,267)
(359,332)
(359,44)
(359,13)
(359,45)
(359,109)
(359,148)
(359,118)
(359,87)
(359,311)
(359,91)
(359,348)
(359,253)
(359,157)
(359,351)
(360,65)
(360,36)
(360,229)
(360,134)
(360,263)
(360,135)
(360,104)
(360,138)
(360,106)
(360,107)
(360,45)
(360,78)
(360,209)
(360,305)
(360,21)
(360,246)
(360,22)
(360,151)
(360,26)
(360,123)
(361,32)
(361,225)
(361,34)
(361,3)
(361,264)
(361,296)
(361,297)
(361,233)
(361,75)
(361,203)
(361,332)
(361,17)
(361,275)
(361,20)
(361,182)
(361,56)
(361,218)
(361,348)
(361,190)
(361,158)
(362,198)
(362,102)
(362,38)
(362,72)
(362,107)
(362,109)
(362,45)
(362,79)
(362,239)
(362,47)
(362,272)
(362,53)
(362,21)
(362,343)
(362,282)
(362,27)
(362,252)
(362,61)
(362,95)
(363,2)
(363,34)
(363,35)
(363,325)
(363,358)
(363,70)
(363,39)
(363,9)
(363,76)
(363,12)
(363,143)
(363,242)
(363,117)
(363,86)
(363,182)
(363,55)
(363,247)
(363,91)
(363,315)
(364,352)
(364,100)
(364,295)
(364,71)
(364,232)
(364,299)
(364,140)
(364,76)
(364,45)
(364,46)
(364,143)
(364,176)
(364,145)
(364,146)
(364,114)
(364,19)
(364,280)
(364,153)
(364,61)
(364,350)
(365,256)
(365,100)
(365,36)
(365,260)
(365,39)
(365,72)
(365,9)
(365,42)
(365,106)
(365,107)
(365,109)
(365,77)
(365,110)
(365,14)
(365,17)
(365,50)
(365,114)
(365,180)
(365,116)
(365,344)
(366,258)
(366,34)
(366,130)
(366,3)
(366,132)
(366,69)
(366,102)
(366,136)
(366,74)
(366,10)
(366,42)
(366,138)
(366,75)
(366,110)
(366,48)
(366,21)
(366,309)
(366,182)
(366,150)
(366,155)
(367,288)
(367,97)
(367,161)
(367,235)
(367,44)
(367,77)
(367,78)
(367,47)
(367,275)
(367,276)
(367,20)
(367,181)
(367,150)
(367,313)
(367,57)
(367,27)
(367,28)
(367,253)
(367,158)
(367,31)
(368,166)
(368,6)
(368,38)
(368,39)
(368,73)
(368,9)
(368,11)
(368,44)
(368,142)
(368,81)
(368,50)
(368,82)
(368,83)
(368,87)
(368,281)
(368,282)
(368,285)
(368,31)
(368,127)
(368,95)
(369,0)
(369,193)
(369,2)
(369,194)
(369,227)
(369,195)
(369,70)
(369,106)
(369,75)
(369,139)
(369,45)
(369,79)
(369,80)
(369,337)
(369,273)
(369,338)
(369,51)
(369,86)
(369,127)
(370,256)
(370,258)
(370,98)
(370,71)
(370,105)
(370,11)
(370,143)
(370,47)
(370,81)
(370,17)
(370,114)
(370,339)
(370,148)
(370,23)
(370,343)
(370,123)
(370,253)
(370,29)
(370,31)
(371,0)
(371,356)
(371,292)
(371,37)
(371,295)
(371,137)
(371,50)
(371,306)
(371,242)
(371,116)
(371,20)
(371,21)
(371,53)
(371,23)
(371,247)
(371,155)
(371,59)
(371,188)
(371,254)
(372,161)
(372,33)
(372,97)
(372,34)
(372,260)
(372,326)
(372,327)
(372,39)
(372,136)
(372,110)
(372,79)
(372,210)
(372,307)
(372,19)
(372,53)
(372,184)
(372,186)
(372,91)
(372,188)
(372,317)
(373,258)
(373,6)
(373,41)
(373,45)
(373,145)
(373,338)
(373,212)
(373,213)
(373,119)
(373,55)
(373,184)
(373,25)
(373,90)
(373,59)
(373,27)
(373,61)
(373,93)
(373,191)
(373,63)
(373,95)
(374,34)
(374,132)
(374,5)
(374,38)
(374,198)
(374,199)
(374,329)
(374,234)
(374,332)
(374,45)
(374,368)
(374,244)
(374,88)
(374,25)
(374,26)
(374,58)
(374,155)
(374,286)
(374,287)
(375,34)
(375,323)
(375,35)
(375,37)
(375,41)
(375,12)
(375,13)
(375,366)
(375,142)
(375,48)
(375,81)
(375,245)
(375,22)
(375,152)
(375,217)
(375,153)
(375,57)
(375,286)
(376,128)
(376,4)
(376,5)
(376,73)
(376,41)
(376,362)
(376,170)
(376,299)
(376,11)
(376,140)
(376,12)
(376,13)
(376,176)
(376,371)
(376,311)
(376,183)
(376,27)
(376,94)
(376,62)
(376,255)
(377,96)
(377,0)
(377,34)
(377,163)
(377,9)
(377,11)
(377,203)
(377,12)
(377,13)
(377,174)
(377,146)
(377,21)
(377,119)
(377,24)
(377,154)
(377,124)
(377,349)
(377,30)
(377,223)
(378,33)
(378,257)
(378,354)
(378,291)
(378,68)
(378,165)
(378,6)
(378,199)
(378,9)
(378,107)
(378,48)
(378,273)
(378,82)
(378,308)
(378,374)
(378,152)
(378,251)
(378,60)
(378,31)
(378,351)
(379,256)
(379,128)
(379,100)
(379,132)
(379,4)
(379,295)
(379,139)
(379,143)
(379,176)
(379,209)
(379,273)
(379,177)
(379,114)
(379,57)
(379,249)
(379,27)
(379,187)
(379,287)
(380,192)
(380,133)
(380,197)
(380,294)
(380,103)
(380,296)
(380,42)
(380,10)
(380,236)
(380,76)
(380,45)
(380,239)
(380,84)
(380,309)
(380,214)
(380,119)
(380,56)
(380,191)
(380,31)
(381,33)
(381,227)
(381,100)
(381,165)
(381,264)
(381,328)
(381,137)
(381,107)
(381,44)
(381,368)
(381,17)
(381,116)
(381,84)
(381,183)
(381,23)
(381,154)
(381,91)
(381,220)
(381,221)
(381,93)
(382,129)
(382,258)
(382,228)
(382,329)
(382,201)
(382,331)
(382,268)
(382,45)
(382,110)
(382,270)
(382,209)
(382,116)
(382,88)
(382,24)
(382,90)
(382,28)
(382,253)
(382,126)
(382,254)
(383,64)
(383,258)
(383,323)
(383,7)
(383,10)
(383,202)
(383,43)
(383,76)
(383,300)
(383,46)
(383,142)
(383,175)
(383,369)
(383,81)
(383,22)
(383,281)
(383,25)
(383,30)
(383,94)
(383,95)
(384,160)
(384,33)
(384,258)
(384,99)
(384,8)
(384,265)
(384,105)
(384,108)
(384,174)
(384,46)
(384,80)
(384,51)
(384,339)
(384,308)
(384,22)
(384,154)
(384,250)
(384,91)
(385,354)
(385,67)
(385,164)
(385,357)
(385,6)
(385,135)
(385,138)
(385,202)
(385,43)
(385,13)
(385,46)
(385,336)
(385,272)
(385,178)
(385,247)
(385,88)
(385,312)
(385,154)
(385,127)
(386,194)
(386,68)
(386,229)
(386,104)
(386,360)
(386,264)
(386,138)
(386,74)
(386,44)
(386,46)
(386,111)
(386,81)
(386,212)
(386,183)
(386,90)
(386,26)
(386,284)
(386,62)
(386,319)
(386,95)
(387,256)
(387,0)
(387,385)
(387,33)
(387,225)
(387,69)
(387,70)
(387,105)
(387,172)
(387,334)
(387,174)
(387,47)
(387,179)
(387,214)
(387,56)
(387,152)
(387,251)
(387,28)
(387,125)
(387,61)
(388,352)
(388,66)
(388,6)
(388,71)
(388,7)
(388,136)
(388,104)
(388,75)
(388,76)
(388,111)
(388,335)
(388,176)
(388,49)
(388,81)
(388,211)
(388,20)
(388,88)
(388,25)
(388,315)
(388,91)
(389,33)
(389,34)
(389,295)
(389,71)
(389,8)
(389,137)
(389,364)
(389,332)
(389,109)
(389,366)
(389,305)
(389,277)
(389,374)
(389,23)
(389,183)
(389,154)
(389,126)
(389,223)
(389,319)
(390,160)
(390,258)
(390,324)
(390,100)
(390,5)
(390,325)
(390,107)
(390,331)
(390,76)
(390,109)
(390,45)
(390,80)
(390,17)
(390,276)
(390,246)
(390,185)
(390,58)
(390,26)
(390,381)
(390,319)
(391,64)
(391,34)
(391,35)
(391,36)
(391,356)
(391,293)
(391,134)
(391,135)
(391,71)
(391,200)
(391,329)
(391,201)
(391,330)
(391,268)
(391,334)
(391,18)
(391,341)
(391,120)
(391,124)
(392,69)
(392,102)
(392,71)
(392,264)
(392,170)
(392,10)
(392,75)
(392,173)
(392,111)
(392,82)
(392,22)
(392,87)
(392,151)
(392,312)
(392,346)
(392,58)
(392,154)
(392,155)
(392,157)
(392,29)
(393,257)
(393,165)
(393,198)
(393,8)
(393,9)
(393,10)
(393,13)
(393,80)
(393,49)
(393,17)
(393,51)
(393,86)
(393,246)
(393,60)
(393,380)
(393,61)
(393,62)
(393,63)
(394,32)
(394,290)
(394,195)
(394,163)
(394,36)
(394,388)
(394,73)
(394,137)
(394,267)
(394,239)
(394,49)
(394,307)
(394,115)
(394,53)
(394,245)
(394,25)
(394,345)
(394,27)
(394,124)
(395,34)
(395,354)
(395,35)
(395,5)
(395,38)
(395,199)
(395,40)
(395,136)
(395,41)
(395,73)
(395,74)
(395,108)
(395,336)
(395,114)
(395,21)
(395,345)
(395,221)
(395,317)
(395,382)
(396,355)
(396,387)
(396,132)
(396,7)
(396,106)
(396,42)
(396,270)
(396,112)
(396,369)
(396,17)
(396,273)
(396,177)
(396,275)
(396,371)
(396,312)
(396,121)
(396,316)
(396,61)
(396,221)
(396,254)
(397,160)
(397,257)
(397,99)
(397,68)
(397,324)
(397,357)
(397,37)
(397,360)
(397,9)
(397,108)
(397,302)
(397,239)
(397,84)
(397,86)
(397,55)
(397,312)
(397,184)
(397,254)
(397,95)
(398,256)
(398,160)
(398,227)
(398,163)
(398,164)
(398,7)
(398,39)
(398,76)
(398,49)
(398,146)
(398,114)
(398,53)
(398,181)
(398,344)
(398,313)
(398,90)
(398,221)
(398,125)
(398,126)
(399,160)
(399,69)
(399,262)
(399,7)
(399,41)
(399,44)
(399,302)
(399,368)
(399,179)
(399,373)
(399,278)
(399,22)
(399,23)
(399,25)
(399,90)
(399,154)
(399,123)
(399,379)
(399,156)
(399,29)
(400,196)
(400,6)
(400,263)
(400,42)
(400,11)
(400,44)
(400,204)
(400,80)
(400,48)
(400,305)
(400,21)
(400,310)
(400,119)
(400,247)
(400,26)
(400,282)
(400,29)
(400,157)
(400,286)
(400,287)
(401,97)
(401,354)
(401,355)
(401,133)
(401,6)
(401,39)
(401,72)
(401,392)
(401,106)
(401,267)
(401,140)
(401,364)
(401,236)
(401,142)
(401,20)
(401,152)
(401,24)
(401,26)
(401,91)
(401,255)
(402,68)
(402,69)
(402,134)
(402,166)
(402,294)
(402,39)
(402,169)
(402,172)
(402,81)
(402,114)
(402,179)
(402,148)
(402,24)
(402,57)
(402,27)
(402,124)
(402,29)
(402,95)
(403,64)
(403,291)
(403,3)
(403,131)
(403,35)
(403,356)
(403,233)
(403,394)
(403,271)
(403,144)
(403,145)
(403,114)
(403,20)
(403,308)
(403,214)
(403,152)
(403,56)
(403,154)
(404,289)
(404,257)
(404,226)
(404,131)
(404,71)
(404,72)
(404,104)
(404,73)
(404,397)
(404,207)
(404,367)
(404,271)
(404,335)
(404,272)
(404,83)
(404,20)
(404,54)
(404,119)
(404,58)
(404,27)
(405,0)
(405,33)
(405,226)
(405,69)
(405,70)
(405,38)
(405,359)
(405,200)
(405,393)
(405,137)
(405,42)
(405,107)
(405,334)
(405,142)
(405,112)
(405,84)
(405,53)
(405,245)
(405,184)
(405,191)
(406,320)
(406,193)
(406,33)
(406,129)
(406,226)
(406,354)
(406,258)
(406,360)
(406,8)
(406,298)
(406,170)
(406,108)
(406,14)
(406,113)
(406,148)
(406,20)
(406,150)
(406,281)
(406,347)
(406,126)
(407,161)
(407,97)
(407,133)
(407,328)
(407,104)
(407,329)
(407,43)
(407,299)
(407,140)
(407,142)
(407,144)
(407,146)
(407,275)
(407,84)
(407,373)
(407,87)
(407,28)
(407,60)
(407,30)
(407,127)
(408,64)
(408,257)
(408,6)
(408,395)
(408,47)
(408,401)
(408,241)
(408,308)
(408,86)
(408,23)
(408,248)
(408,24)
(408,25)
(408,250)
(408,283)
(408,124)
(408,92)
(408,220)
(409,64)
(409,66)
(409,322)
(409,4)
(409,165)
(409,11)
(409,268)
(409,301)
(409,78)
(409,302)
(409,334)
(409,50)
(409,371)
(409,308)
(409,152)
(409,25)
(409,315)
(409,219)
(409,159)
(410,288)
(410,128)
(410,68)
(410,260)
(410,388)
(410,36)
(410,197)
(410,7)
(410,333)
(410,302)
(410,174)
(410,404)
(410,309)
(410,22)
(410,26)
(410,315)
(410,219)
(410,220)
(410,28)
(411,96)
(411,224)
(411,33)
(411,36)
(411,139)
(411,43)
(411,12)
(411,147)
(411,20)
(411,22)
(411,342)
(411,119)
(411,24)
(411,312)
(411,280)
(411,281)
(411,313)
(411,154)
(411,62)
(411,63)
(412,195)
(412,36)
(412,5)
(412,69)
(412,133)
(412,169)
(412,362)
(412,10)
(412,172)
(412,239)
(412,17)
(412,115)
(412,276)
(412,407)
(412,121)
(412,27)
(412,92)
(412,29)
(413,256)
(413,33)
(413,65)
(413,34)
(413,164)
(413,40)
(413,74)
(413,76)
(413,13)
(413,240)
(413,16)
(413,48)
(413,177)
(413,145)
(413,89)
(413,351)
(414,320)
(414,193)
(414,7)
(414,104)
(414,110)
(414,175)
(414,48)
(414,81)
(414,113)
(414,18)
(414,115)
(414,148)
(414,212)
(414,84)
(414,87)
(414,313)
(414,153)
(414,123)
(414,27)
(415,129)
(415,104)
(415,203)
(415,76)
(415,172)
(415,205)
(415,271)
(415,239)
(415,368)
(415,337)
(415,81)
(415,177)
(415,114)
(415,179)
(415,307)
(415,213)
(415,345)
(415,186)
(415,124)
(416,224)
(416,161)
(416,386)
(416,38)
(416,73)
(416,137)
(416,234)
(416,236)
(416,109)
(416,113)
(416,341)
(416,277)
(416,310)
(416,23)
(416,56)
(416,152)
(416,408)
(416,58)
(416,122)
(416,158)
(417,323)
(417,132)
(417,5)
(417,135)
(417,73)
(417,234)
(417,10)
(417,75)
(417,107)
(417,299)
(417,237)
(417,174)
(417,368)
(417,240)
(417,405)
(417,341)
(417,21)
(417,311)
(417,124)
(417,286)
(418,100)
(418,326)
(418,71)
(418,105)
(418,10)
(418,75)
(418,335)
(418,399)
(418,175)
(418,208)
(418,144)
(418,273)
(418,401)
(418,146)
(418,23)
(418,56)
(418,409)
(418,28)
(418,95)
(419,225)
(419,97)
(419,34)
(419,99)
(419,163)
(419,296)
(419,8)
(419,140)
(419,300)
(419,77)
(419,208)
(419,145)
(419,242)
(419,51)
(419,54)
(419,186)
(419,410)
(419,318)
(419,30)
(420,64)
(420,353)
(420,290)
(420,3)
(420,39)
(420,72)
(420,361)
(420,73)
(420,43)
(420,205)
(420,141)
(420,78)
(420,80)
(420,242)
(420,339)
(420,150)
(420,23)
(420,58)
(421,417)
(421,353)
(421,323)
(421,133)
(421,295)
(421,73)
(421,233)
(421,331)
(421,12)
(421,397)
(421,49)
(421,305)
(421,406)
(421,23)
(421,87)
(421,120)
(421,89)
(421,186)
(421,91)
(421,28)
(422,385)
(422,34)
(422,354)
(422,6)
(422,39)
(422,40)
(422,72)
(422,296)
(422,202)
(422,10)
(422,75)
(422,396)
(422,269)
(422,46)
(422,18)
(422,84)
(422,118)
(422,150)
(422,59)
(422,190)
(423,419)
(423,131)
(423,69)
(423,38)
(423,134)
(423,7)
(423,40)
(423,329)
(423,297)
(423,139)
(423,268)
(423,364)
(423,366)
(423,117)
(423,25)
(423,154)
(423,251)
(423,188)
(423,62)
(424,417)
(424,257)
(424,259)
(424,35)
(424,294)
(424,40)
(424,74)
(424,138)
(424,12)
(424,76)
(424,47)
(424,239)
(424,79)
(424,112)
(424,49)
(424,86)
(424,27)
(424,219)
(424,60)
(424,189)
(425,225)
(425,97)
(425,387)
(425,35)
(425,67)
(425,100)
(425,260)
(425,70)
(425,104)
(425,297)
(425,9)
(425,41)
(425,298)
(425,266)
(425,11)
(425,269)
(425,180)
(425,408)
(425,382)
(425,63)
(426,1)
(426,227)
(426,35)
(426,7)
(426,299)
(426,13)
(426,112)
(426,369)
(426,370)
(426,84)
(426,277)
(426,85)
(426,309)
(426,342)
(426,374)
(426,152)
(426,282)
(426,349)
(426,126)
(426,63)
(427,96)
(427,161)
(427,357)
(427,232)
(427,233)
(427,9)
(427,368)
(427,144)
(427,241)
(427,82)
(427,306)
(427,211)
(427,243)
(427,277)
(427,344)
(427,91)
(427,155)
(427,251)
(427,94)
(427,126)
(428,97)
(428,34)
(428,100)
(428,38)
(428,39)
(428,263)
(428,105)
(428,106)
(428,426)
(428,75)
(428,396)
(428,400)
(428,144)
(428,81)
(428,24)
(428,25)
(428,90)
(428,314)
(428,61)
(428,63)
(429,97)
(429,130)
(429,357)
(429,70)
(429,327)
(429,232)
(429,74)
(429,204)
(429,237)
(429,46)
(429,47)
(429,144)
(429,368)
(429,209)
(429,114)
(429,211)
(429,22)
(429,153)
(429,63)
(430,100)
(430,292)
(430,37)
(430,6)
(430,262)
(430,41)
(430,75)
(430,141)
(430,336)
(430,81)
(430,178)
(430,210)
(430,85)
(430,279)
(430,281)
(430,58)
(430,26)
(430,156)
(430,287)
(430,31)
(431,65)
(431,66)
(431,98)
(431,290)
(431,163)
(431,35)
(431,39)
(431,105)
(431,205)
(431,114)
(431,50)
(431,55)
(431,120)
(431,24)
(431,186)
(431,90)
(431,27)
(431,123)
(431,284)
(432,1)
(432,34)
(432,70)
(432,392)
(432,200)
(432,46)
(432,82)
(432,210)
(432,406)
(432,23)
(432,375)
(432,247)
(432,88)
(432,89)
(432,156)
(432,317)
(432,62)
(432,383)
(433,97)
(433,259)
(433,101)
(433,69)
(433,38)
(433,327)
(433,136)
(433,76)
(433,111)
(433,79)
(433,112)
(433,272)
(433,17)
(433,274)
(433,245)
(433,21)
(433,57)
(433,59)
(433,125)
(433,157)
(434,97)
(434,33)
(434,98)
(434,323)
(434,35)
(434,4)
(434,165)
(434,71)
(434,332)
(434,397)
(434,174)
(434,79)
(434,400)
(434,113)
(434,18)
(434,20)
(434,183)
(434,151)
(434,119)
(434,90)
(435,320)
(435,353)
(435,257)
(435,354)
(435,100)
(435,39)
(435,231)
(435,329)
(435,365)
(435,302)
(435,399)
(435,176)
(435,25)
(435,26)
(435,186)
(435,349)
(435,126)
(435,62)
(435,319)
(436,0)
(436,1)
(436,36)
(436,69)
(436,261)
(436,422)
(436,136)
(436,202)
(436,108)
(436,110)
(436,430)
(436,142)
(436,431)
(436,144)
(436,400)
(436,407)
(436,55)
(436,152)
(436,154)
(436,63)
(437,1)
(437,66)
(437,2)
(437,69)
(437,169)
(437,234)
(437,236)
(437,14)
(437,143)
(437,48)
(437,144)
(437,16)
(437,81)
(437,17)
(437,406)
(437,22)
(437,61)
(437,30)
(437,382)
(438,359)
(438,7)
(438,39)
(438,136)
(438,234)
(438,298)
(438,42)
(438,365)
(438,431)
(438,79)
(438,47)
(438,400)
(438,51)
(438,147)
(438,307)
(438,84)
(438,313)
(438,58)
(438,27)
(439,0)
(439,160)
(439,97)
(439,36)
(439,39)
(439,41)
(439,48)
(439,81)
(439,20)
(439,22)
(439,344)
(439,250)
(439,27)
(439,283)
(439,125)
(439,285)
(439,61)
(439,30)
(439,94)
(439,63)
(440,66)
(440,294)
(440,262)
(440,6)
(440,103)
(440,234)
(440,429)
(440,238)
(440,239)
(440,146)
(440,180)
(440,84)
(440,277)
(440,86)
(440,22)
(440,24)
(440,153)
(440,313)
(440,29)
(440,63)
(441,132)
(441,70)
(441,6)
(441,107)
(441,43)
(441,76)
(441,365)
(441,334)
(441,78)
(441,175)
(441,368)
(441,146)
(441,339)
(441,20)
(441,55)
(441,152)
(441,315)
(441,27)
(441,28)
(442,64)
(442,65)
(442,257)
(442,258)
(442,265)
(442,107)
(442,203)
(442,139)
(442,44)
(442,140)
(442,206)
(442,17)
(442,274)
(442,438)
(442,187)
(442,315)
(442,124)
(442,253)
(442,94)
(442,350)
(443,4)
(443,38)
(443,10)
(443,170)
(443,427)
(443,107)
(443,78)
(443,80)
(443,116)
(443,148)
(443,310)
(443,311)
(443,23)
(443,343)
(443,89)
(443,378)
(443,26)
(443,315)
(443,27)
(443,252)
(444,65)
(444,69)
(444,134)
(444,199)
(444,329)
(444,139)
(444,12)
(444,48)
(444,433)
(444,148)
(444,85)
(444,21)
(444,23)
(444,24)
(444,88)
(444,120)
(444,443)
(444,415)
(444,191)
(444,127)
(445,32)
(445,101)
(445,229)
(445,166)
(445,104)
(445,105)
(445,266)
(445,11)
(445,107)
(445,140)
(445,174)
(445,147)
(445,148)
(445,20)
(445,22)
(445,25)
(445,58)
(445,124)
(445,382)
(445,63)
(446,352)
(446,194)
(446,66)
(446,195)
(446,387)
(446,422)
(446,294)
(446,238)
(446,142)
(446,78)
(446,112)
(446,50)
(446,436)
(446,310)
(446,150)
(446,215)
(446,345)
(446,90)
(446,251)
(446,349)
(447,0)
(447,34)
(447,35)
(447,100)
(447,68)
(447,69)
(447,357)
(447,229)
(447,198)
(447,397)
(447,13)
(447,334)
(447,111)
(447,48)
(447,212)
(447,21)
(447,22)
(447,122)
(447,29)
(447,383)
(448,0)
(448,65)
(448,129)
(448,262)
(448,39)
(448,73)
(448,331)
(448,204)
(448,396)
(448,81)
(448,308)
(448,84)
(448,21)
(448,23)
(448,343)
(448,26)
(448,92)
(448,253)
(448,414)
(448,158)
(449,0)
(449,162)
(449,3)
(449,291)
(449,36)
(449,133)
(449,39)
(449,73)
(449,110)
(449,238)
(449,208)
(449,177)
(449,22)
(449,214)
(449,375)
(449,151)
(449,282)
(449,93)
(449,63)
(450,256)
(450,193)
(450,98)
(450,134)
(450,71)
(450,137)
(450,41)
(450,426)
(450,205)
(450,109)
(450,142)
(450,16)
(450,48)
(450,179)
(450,85)
(450,406)
(450,55)
(450,345)
(450,445)
(451,163)
(451,134)
(451,73)
(451,201)
(451,298)
(451,171)
(451,44)
(451,12)
(451,76)
(451,110)
(451,240)
(451,178)
(451,308)
(451,312)
(451,24)
(451,153)
(451,282)
(451,155)
(451,414)
(451,383)
(452,32)
(452,33)
(452,227)
(452,132)
(452,7)
(452,137)
(452,363)
(452,75)
(452,44)
(452,333)
(452,46)
(452,305)
(452,113)
(452,276)
(452,85)
(452,150)
(452,87)
(452,28)
(452,189)
(452,126)
(453,224)
(453,96)
(453,129)
(453,2)
(453,67)
(453,163)
(453,451)
(453,69)
(453,393)
(453,13)
(453,174)
(453,303)
(453,112)
(453,149)
(453,154)
(453,60)
(453,29)
(453,30)
(453,415)
(453,319)
(454,288)
(454,129)
(454,4)
(454,196)
(454,359)
(454,103)
(454,39)
(454,203)
(454,140)
(454,141)
(454,400)
(454,112)
(454,404)
(454,53)
(454,21)
(454,151)
(454,312)
(454,26)
(454,250)
(454,27)
(455,0)
(455,226)
(455,68)
(455,41)
(455,393)
(455,42)
(455,11)
(455,108)
(455,367)
(455,111)
(455,49)
(455,401)
(455,147)
(455,53)
(455,86)
(455,151)
(455,89)
(455,28)
(455,383)
(455,415)
(456,325)
(456,69)
(456,200)
(456,232)
(456,41)
(456,45)
(456,271)
(456,432)
(456,273)
(456,81)
(456,211)
(456,181)
(456,54)
(456,246)
(456,248)
(456,218)
(456,155)
(456,29)
(456,255)
(457,386)
(457,98)
(457,292)
(457,135)
(457,104)
(457,271)
(457,273)
(457,404)
(457,21)
(457,22)
(457,87)
(457,119)
(457,408)
(457,281)
(457,89)
(457,26)
(457,28)
(457,191)
(458,256)
(458,258)
(458,130)
(458,66)
(458,291)
(458,132)
(458,37)
(458,167)
(458,330)
(458,239)
(458,47)
(458,274)
(458,84)
(458,53)
(458,24)
(458,249)
(458,282)
(458,155)
(458,189)
(458,253)
(459,160)
(459,192)
(459,66)
(459,451)
(459,387)
(459,323)
(459,195)
(459,452)
(459,6)
(459,423)
(459,455)
(459,167)
(459,44)
(459,146)
(459,181)
(459,28)
(459,349)
(459,317)
(459,126)
(459,414)
(460,96)
(460,416)
(460,325)
(460,167)
(460,296)
(460,456)
(460,457)
(460,203)
(460,75)
(460,205)
(460,335)
(460,144)
(460,338)
(460,214)
(460,407)
(460,152)
(460,60)
(460,412)
(460,29)
(461,288)
(461,3)
(461,198)
(461,71)
(461,104)
(461,456)
(461,41)
(461,44)
(461,17)
(461,117)
(461,214)
(461,86)
(461,27)
(461,59)
(461,381)
(461,286)
(461,350)
(461,30)
(461,446)
(462,1)
(462,449)
(462,2)
(462,42)
(462,10)
(462,270)
(462,46)
(462,112)
(462,370)
(462,211)
(462,371)
(462,180)
(462,20)
(462,55)
(462,23)
(462,344)
(462,88)
(462,218)
(462,253)
(462,222)
(463,32)
(463,1)
(463,2)
(463,102)
(463,103)
(463,39)
(463,457)
(463,106)
(463,238)
(463,111)
(463,144)
(463,50)
(463,83)
(463,147)
(463,24)
(463,218)
(463,29)
(463,190)
(463,254)
(463,30)
(464,2)
(464,450)
(464,131)
(464,196)
(464,325)
(464,293)
(464,135)
(464,72)
(464,43)
(464,173)
(464,21)
(464,54)
(464,119)
(464,57)
(464,382)
(464,318)
(464,94)
(464,319)
(464,95)
(465,34)
(465,227)
(465,4)
(465,133)
(465,390)
(465,7)
(465,264)
(465,169)
(465,42)
(465,299)
(465,171)
(465,204)
(465,237)
(465,431)
(465,464)
(465,17)
(465,115)
(465,308)
(465,123)
(465,254)
(466,32)
(466,65)
(466,2)
(466,163)
(466,201)
(466,41)
(466,42)
(466,238)
(466,303)
(466,177)
(466,17)
(466,115)
(466,151)
(466,152)
(466,248)
(466,153)
(466,93)
(466,191)
(467,320)
(467,288)
(467,160)
(467,34)
(467,388)
(467,326)
(467,7)
(467,74)
(467,75)
(467,367)
(467,47)
(467,177)
(467,211)
(467,243)
(467,247)
(467,23)
(467,153)
(467,26)
(467,62)
(467,30)
(468,32)
(468,451)
(468,11)
(468,236)
(468,77)
(468,270)
(468,206)
(468,48)
(468,465)
(468,466)
(468,20)
(468,182)
(468,218)
(468,282)
(468,91)
(468,155)
(468,157)
(468,190)
(468,127)
(469,418)
(469,420)
(469,69)
(469,263)
(469,72)
(469,139)
(469,12)
(469,80)
(469,48)
(469,114)
(469,179)
(469,20)
(469,148)
(469,85)
(469,119)
(469,88)
(469,24)
(469,89)
(469,63)
(470,0)
(470,193)
(470,4)
(470,38)
(470,6)
(470,40)
(470,297)
(470,299)
(470,203)
(470,44)
(470,179)
(470,371)
(470,373)
(470,23)
(470,249)
(470,281)
(470,58)
(470,125)
(470,29)
(470,286)
(471,355)
(471,324)
(471,132)
(471,455)
(471,103)
(471,40)
(471,72)
(471,11)
(471,175)
(471,207)
(471,83)
(471,374)
(471,24)
(471,56)
(471,441)
(471,153)
(471,90)
(471,27)
(471,188)
(471,95)
(472,35)
(472,165)
(472,361)
(472,74)
(472,458)
(472,461)
(472,431)
(472,114)
(472,18)
(472,406)
(472,118)
(472,407)
(472,216)
(472,25)
(472,26)
(472,443)
(472,315)
(472,61)
(473,35)
(473,358)
(473,74)
(473,75)
(473,428)
(473,142)
(473,46)
(473,207)
(473,368)
(473,465)
(473,85)
(473,21)
(473,117)
(473,438)
(473,154)
(473,28)
(473,124)
(473,221)
(474,226)
(474,2)
(474,36)
(474,135)
(474,74)
(474,42)
(474,139)
(474,395)
(474,12)
(474,205)
(474,365)
(474,45)
(474,307)
(474,372)
(474,340)
(474,214)
(474,120)
(474,153)
(474,252)
(474,127)
(475,132)
(475,325)
(475,6)
(475,39)
(475,41)
(475,42)
(475,332)
(475,47)
(475,17)
(475,81)
(475,209)
(475,115)
(475,21)
(475,54)
(475,470)
(475,122)
(475,26)
(476,32)
(476,128)
(476,194)
(476,3)
(476,37)
(476,165)
(476,326)
(476,201)
(476,361)
(476,42)
(476,107)
(476,242)
(476,50)
(476,276)
(476,436)
(476,245)
(476,53)
(476,24)
(476,251)
(476,319)
(477,354)
(477,67)
(477,164)
(477,69)
(477,261)
(477,165)
(477,390)
(477,111)
(477,207)
(477,146)
(477,243)
(477,179)
(477,85)
(477,310)
(477,409)
(477,123)
(477,446)
(477,159)
(477,127)
(478,66)
(478,99)
(478,196)
(478,100)
(478,166)
(478,328)
(478,299)
(478,427)
(478,78)
(478,175)
(478,208)
(478,369)
(478,181)
(478,343)
(478,57)
(478,90)
(478,58)
(478,283)
(478,254)
(479,385)
(479,195)
(479,388)
(479,5)
(479,102)
(479,135)
(479,395)
(479,139)
(479,427)
(479,12)
(479,268)
(479,205)
(479,142)
(479,46)
(479,21)
(479,311)
(479,376)
(479,220)
(479,61)
(479,30)
(480,34)
(480,194)
(480,130)
(480,419)
(480,421)
(480,133)
(480,422)
(480,73)
(480,75)
(480,48)
(480,84)
(480,404)
(480,405)
(480,214)
(480,27)
(480,155)
(480,412)
(480,158)
(480,191)
(481,96)
(481,2)
(481,228)
(481,37)
(481,390)
(481,296)
(481,41)
(481,105)
(481,395)
(481,43)
(481,46)
(481,271)
(481,18)
(481,275)
(481,212)
(481,216)
(481,152)
(481,218)
(482,0)
(482,33)
(482,481)
(482,66)
(482,98)
(482,197)
(482,103)
(482,39)
(482,7)
(482,72)
(482,296)
(482,425)
(482,42)
(482,138)
(482,108)
(482,22)
(482,279)
(482,375)
(482,380)
(482,412)
(483,161)
(483,354)
(483,4)
(483,36)
(483,293)
(483,294)
(483,425)
(483,107)
(483,172)
(483,462)
(483,334)
(483,431)
(483,15)
(483,20)
(483,86)
(483,22)
(483,375)
(483,25)
(483,249)
(484,133)
(484,165)
(484,38)
(484,134)
(484,11)
(484,204)
(484,44)
(484,109)
(484,141)
(484,48)
(484,435)
(484,307)
(484,404)
(484,212)
(484,22)
(484,24)
(484,25)
(484,349)
(484,93)
(484,95)
(485,481)
(485,321)
(485,354)
(485,99)
(485,357)
(485,392)
(485,330)
(485,11)
(485,43)
(485,107)
(485,205)
(485,238)
(485,307)
(485,248)
(485,88)
(485,154)
(485,90)
(485,27)
(485,92)
(485,31)
(486,450)
(486,194)
(486,258)
(486,35)
(486,165)
(486,197)
(486,293)
(486,485)
(486,234)
(486,394)
(486,142)
(486,51)
(486,182)
(486,280)
(486,440)
(486,157)
(486,413)
(486,30)
(486,62)
(486,159)
(487,352)
(487,417)
(487,35)
(487,100)
(487,38)
(487,329)
(487,393)
(487,10)
(487,170)
(487,43)
(487,205)
(487,174)
(487,334)
(487,115)
(487,148)
(487,117)
(487,22)
(487,345)
(487,350)
(487,95)
(488,96)
(488,417)
(488,66)
(488,132)
(488,135)
(488,200)
(488,393)
(488,329)
(488,10)
(488,11)
(488,205)
(488,308)
(488,22)
(488,407)
(488,472)
(488,216)
(488,90)
(488,221)
(488,319)
(489,384)
(489,1)
(489,66)
(489,35)
(489,38)
(489,134)
(489,42)
(489,11)
(489,332)
(489,396)
(489,143)
(489,49)
(489,81)
(489,18)
(489,468)
(489,245)
(489,62)
(489,414)
(489,126)
(489,223)
(490,64)
(490,33)
(490,161)
(490,66)
(490,259)
(490,132)
(490,229)
(490,198)
(490,103)
(490,167)
(490,139)
(490,109)
(490,205)
(490,177)
(490,245)
(490,24)
(490,27)
(490,126)
(490,478)
(491,321)
(491,226)
(491,484)
(491,229)
(491,9)
(491,73)
(491,395)
(491,75)
(491,205)
(491,110)
(491,112)
(491,82)
(491,243)
(491,20)
(491,436)
(491,342)
(491,438)
(491,216)
(491,157)
(491,479)
(492,480)
(492,66)
(492,4)
(492,6)
(492,71)
(492,39)
(492,9)
(492,395)
(492,51)
(492,371)
(492,116)
(492,372)
(492,117)
(492,151)
(492,344)
(492,472)
(492,24)
(492,347)
(492,443)
(492,60)
(493,32)
(493,259)
(493,163)
(493,196)
(493,293)
(493,133)
(493,7)
(493,10)
(493,364)
(493,12)
(493,44)
(493,14)
(493,368)
(493,467)
(493,52)
(493,23)
(493,280)
(493,282)
(493,475)
(493,157)
(494,2)
(494,98)
(494,131)
(494,133)
(494,198)
(494,359)
(494,457)
(494,427)
(494,139)
(494,43)
(494,172)
(494,301)
(494,209)
(494,305)
(494,82)
(494,467)
(494,404)
(494,117)
(494,23)
(494,61)
(495,128)
(495,257)
(495,484)
(495,420)
(495,491)
(495,144)
(495,337)
(495,81)
(495,370)
(495,434)
(495,21)
(495,469)
(495,22)
(495,342)
(495,55)
(495,152)
(495,120)
(495,380)
(495,94)
(496,449)
(496,66)
(496,98)
(496,130)
(496,99)
(496,67)
(496,228)
(496,6)
(496,10)
(496,139)
(496,236)
(496,302)
(496,112)
(496,180)
(496,150)
(496,215)
(496,151)
(496,87)
(496,184)
(496,122)
(497,234)
(497,459)
(497,77)
(497,14)
(497,113)
(497,18)
(497,82)
(497,52)
(497,117)
(497,152)
(497,313)
(497,220)
(497,444)
(497,156)
(497,380)
(497,189)
(497,62)
(497,63)
(497,415)
(497,191)
(498,192)
(498,417)
(498,34)
(498,389)
(498,165)
(498,102)
(498,422)
(498,236)
(498,172)
(498,400)
(498,402)
(498,20)
(498,54)
(498,24)
(498,440)
(498,409)
(498,443)
(498,27)
(499,161)
(499,68)
(499,293)
(499,102)
(499,71)
(499,135)
(499,41)
(499,42)
(499,43)
(499,171)
(499,429)
(499,45)
(499,17)
(499,50)
(499,242)
(499,19)
(499,345)
(499,282)
(499,124)
(499,94)
